    1.4128
     -0.3732     -0.3696     -0.3608     -0.3511     -0.3469     -0.3498     -0.3492
     -0.3482     -0.3537     -0.3718     -0.4206     -0.5147     -0.6175     -0.6697
     -0.6738     -0.6649     -0.6554     -0.6165     -0.5741     -0.5351     -0.4992
     -0.4661     -0.4359     -0.4107     -0.3904     -0.3740     -0.3601     -0.3475
     -0.3376     -0.3316     -0.3283     -0.3259     -0.3228     -0.3190     -0.3194
     -0.3225     -0.3267     -0.3307     -0.3350     -0.3496     -0.3806     -0.4341
     -0.5197     -0.6445     -0.8021     -0.9522     -1.0364     -1.0424     -0.9975
     -0.9305     -0.8605     -0.8007     -0.7590     -0.7358     -0.7242     -0.7126
     -0.6821     -0.6112     -0.4950     -0.3463     -0.1791     -0.0013      0.1839
      0.3759      0.5751      0.7815      0.9943      1.2115      1.4304      1.6480
      1.8616     -0.3732     -0.3696     -0.3609     -0.3512     -0.3469     -0.3498
     -0.3493     -0.3491     -0.3583     -0.3898     -0.4645     -0.5748     -0.6613
     -0.6845     -0.6760     -0.6642     -0.6544     -0.6156     -0.5733     -0.5344
     -0.4987     -0.4658     -0.4357     -0.4106     -0.3904     -0.3739     -0.3601
     -0.3474     -0.3375     -0.3316     -0.3282     -0.3259     -0.3228     -0.3192
     -0.3197     -0.3231     -0.3278     -0.3329     -0.3391     -0.3575     -0.3958
     -0.4623     -0.5674     -0.7150     -0.8882     -1.0355     -1.1067     -1.1052
     -1.0614     -1.0005     -0.9396     -0.8917     -0.8640     -0.8536     -0.8502
     -0.8405     -0.8032     -0.7188     -0.5897     -0.4317     -0.2574     -0.0734
      0.1181      0.3170      0.5238      0.7381      0.9585      1.1825      1.4070
      1.6289      1.8456     -0.3731     -0.3696     -0.3609     -0.3512     -0.3469
     -0.3498     -0.3496     -0.3510     -0.3677     -0.4199     -0.5205     -0.6316
     -0.6894     -0.6900     -0.6754     -0.6629     -0.6532     -0.6147     -0.5725
     -0.5338     -0.4982     -0.4655     -0.4355     -0.4105     -0.3903     -0.3739
     -0.3600     -0.3474     -0.3374     -0.3315     -0.3282     -0.3259     -0.3229
     -0.3194     -0.3201     -0.3239     -0.3292     -0.3356     -0.3443     -0.3677
     -0.4154     -0.4979     -0.6247     -0.7935     -0.9751     -1.1119     -1.1686
     -1.1619     -1.1210     -1.0675     -1.0174     -0.9839     -0.9721     -0.9749
     -0.9789     -0.9687     -0.9216     -0.8228     -0.6814     -0.5145     -0.3335
     -0.1433      0.0549      0.2612      0.4759      0.6982      0.9260      1.1564
      1.3860      1.6117      1.8308     -0.3732     -0.3696     -0.3609     -0.3512
     -0.3469     -0.3499     -0.3504     -0.3552     -0.3851     -0.4644     -0.5822
     -0.6766     -0.7033     -0.6902     -0.6736     -0.6613     -0.6520     -0.6138
     -0.5718     -0.5332     -0.4977     -0.4653     -0.4354     -0.4104     -0.3903
     -0.3738     -0.3600     -0.3473     -0.3373     -0.3314     -0.3281     -0.3259
     -0.3230     -0.3196     -0.3206     -0.3248     -0.3309     -0.3389     -0.3510
     -0.3810     -0.4408     -0.5420     -0.6912     -0.8773     -1.0586     -1.1788
     -1.2219     -1.2121     -1.1758     -1.1312     -1.0941     -1.0776     -1.0835
     -1.0996     -1.1096     -1.0963     -1.0365     -0.9229     -0.7701     -0.5951
     -0.4074     -0.2107     -0.0055      0.2086      0.4315      0.6618      0.8967
      1.1330      1.3671      1.5960      1.8170     -0.3732     -0.3697     -0.3609
     -0.3512     -0.3469     -0.3502     -0.3520     -0.3637     -0.4146     -0.5214
     -0.6405     -0.7058     -0.7077     -0.6879     -0.6714     -0.6597     -0.6509
     -0.6129     -0.5711     -0.5326     -0.4974     -0.4650     -0.4353     -0.4104
     -0.3902     -0.3738     -0.3600     -0.3473     -0.3372     -0.3313     -0.3281
     -0.3260     -0.3232     -0.3199     -0.3211     -0.3259     -0.3331     -0.3432
     -0.3597     -0.3982     -0.4731     -0.5953     -0.7657     -0.9627     -1.1346
     -1.2353     -1.2668     -1.2562     -1.2258     -1.1915     -1.1697     -1.1731
     -1.1986     -1.2277     -1.2417     -1.2219     -1.1475     -1.0193     -0.8560
     -0.6733     -0.4791     -0.2756     -0.0629      0.1594      0.3906      0.6287
      0.8704      1.1121      1.3501      1.5815      1.8038     -0.3732     -0.3697
     -0.3609     -0.3512     -0.3470     -0.3508     -0.3556     -0.3797     -0.4586
     -0.5843     -0.6870     -0.7207     -0.7067     -0.6849     -0.6692     -0.6582
     -0.6499     -0.6122     -0.5704     -0.5321     -0.4971     -0.4649     -0.4352
     -0.4103     -0.3902     -0.3738     -0.3599     -0.3472     -0.3372     -0.3312
     -0.3281     -0.3260     -0.3233     -0.3202     -0.3218     -0.3272     -0.3358
     -0.3487     -0.3709     -0.4206     -0.5137     -0.6576     -0.8458     -1.0455
     -1.2002     -1.2814     -1.3041     -1.2945     -1.2711     -1.2487     -1.2448
     -1.2712     -1.3176     -1.3587     -1.3742     -1.3447     -1.2541     -1.1121
     -0.9392     -0.7493     -0.5483     -0.3377     -0.1170      0.1137      0.3533
      0.5989      0.8469      1.0933      1.3347      1.5680      1.7909     -0.3732
     -0.3697     -0.3609     -0.3513     -0.3472     -0.3521     -0.3628     -0.4072
     -0.5156     -0.6441     -0.7180     -0.7257     -0.7032     -0.6816     -0.6672
     -0.6569     -0.6489     -0.6114     -0.5698     -0.5317     -0.4968     -0.4647
     -0.4351     -0.4103     -0.3901     -0.3737     -0.3599     -0.3471     -0.3371
     -0.3312     -0.3281     -0.3261     -0.3235     -0.3207     -0.3227     -0.3289
     -0.3392     -0.3558     -0.3856     -0.4496     -0.5632     -0.7276     -0.9283
     -1.1215     -1.2544     -1.3181     -1.3348     -1.3275     -1.3120     -1.3030
     -1.3202     -1.3725     -1.4406     -1.4921     -1.5060     -1.4635     -1.3564
     -1.2016     -1.0198     -0.8229     -0.6150     -0.3968     -0.1679      0.0715
      0.3194      0.5722      0.8259      1.0765      1.3204      1.5550      1.7778
     -0.3732     -0.3697     -0.3610     -0.3513     -0.3477     -0.3550     -0.3766
     -0.4492     -0.5796     -0.6926     -0.7348     -0.7248     -0.6988     -0.6786
     -0.6653     -0.6557     -0.6481     -0.6107     -0.5692     -0.5313     -0.4966
     -0.4646     -0.4350     -0.4102     -0.3901     -0.3737     -0.3598     -0.3470
     -0.3370     -0.3311     -0.3281     -0.3262     -0.3238     -0.3212     -0.3237
     -0.3310     -0.3436     -0.3651     -0.4050     -0.4865     -0.6215     -0.8032
     -1.0094     -1.1876     -1.2975     -1.3469     -1.3597     -1.3558     -1.3489
     -1.3554     -1.3969     -1.4778     -1.5676     -1.6272     -1.6359     -1.5777
     -1.4543     -1.2879     -1.0979     -0.8940     -0.6790     -0.4528     -0.2152
      0.0330      0.2888      0.5483      0.8071      1.0611      1.3071      1.5422
      1.7643     -0.3732     -0.3697     -0.3610     -0.3515     -0.3487     -0.3607
     -0.4009     -0.5051     -0.6416     -0.7257     -0.7415     -0.7210     -0.6944
     -0.6759     -0.6636     -0.6546     -0.6473     -0.6101     -0.5687     -0.5310
     -0.4965     -0.4645     -0.4350     -0.4102     -0.3901     -0.3736     -0.3598
     -0.3470     -0.3369     -0.3311     -0.3281     -0.3264     -0.3241     -0.3218
     -0.3249     -0.3337     -0.3493     -0.3773     -0.4303     -0.5323     -0.6873
     -0.8817     -1.0856     -1.2425     -1.3309     -1.3691     -1.3800     -1.3802
     -1.3827     -1.4069     -1.4760     -1.5878     -1.6983     -1.7629     -1.7625
     -1.6870     -1.5481     -1.3712     -1.1735     -0.9626     -0.7401     -0.5055
     -0.2589     -0.0021      0.2614      0.5270      0.7902      1.0470      1.2942
      1.5292      1.7498     -0.3732     -0.3697     -0.3610     -0.3518     -0.3508
     -0.3719     -0.4392     -0.5694     -0.6929     -0.7446     -0.7422     -0.7159
     -0.6902     -0.6734     -0.6622     -0.6536     -0.6466     -0.6094     -0.5682
     -0.5307     -0.4963     -0.4645     -0.4349     -0.4102     -0.3900     -0.3736
     -0.3597     -0.3469     -0.3368     -0.3311     -0.3282     -0.3265     -0.3244
     -0.3225     -0.3265     -0.3370     -0.3567     -0.3934     -0.4630     -0.5870
     -0.7583     -0.9601     -1.1535     -1.2862     -1.3562     -1.3862     -1.3966
     -1.4012     -1.4142     -1.4588     -1.5591     -1.7031     -1.8320     -1.8979
     -1.8847     -1.7910     -1.6380     -1.4516     -1.2466     -1.0285     -0.7980
     -0.5546     -0.2990     -0.0337      0.2369      0.5080      0.7749      1.0338
      1.2816      1.5157      1.7340     -0.3732     -0.3697     -0.3611     -0.3525
     -0.3551     -0.3922     -0.4920     -0.6337     -0.7290     -0.7535     -0.7394
     -0.7103     -0.6864     -0.6713     -0.6609     -0.6528     -0.6459     -0.6088
     -0.5678     -0.5305     -0.4962     -0.4644     -0.4349     -0.4101     -0.3900
     -0.3736     -0.3596     -0.3468     -0.3368     -0.3311     -0.3283     -0.3267
     -0.3249     -0.3234     -0.3285     -0.3414     -0.3664     -0.4146     -0.5045
     -0.6494     -0.8321     -1.0356     -1.2111     -1.3199     -1.3752     -1.3994
     -1.4101     -1.4198     -1.4447     -1.5128     -1.6473     -1.8238     -1.9679
     -2.0308     -2.0017     -1.8900     -1.7242     -1.5291     -1.3169     -1.0914
     -0.8526     -0.6001     -0.3354     -0.0620      0.2151      0.4910      0.7609
      1.0212      1.2688      1.5013      1.7164     -0.3732     -0.3697     -0.3613
     -0.3539     -0.3636     -0.4254     -0.5554     -0.6887     -0.7505     -0.7562
     -0.7347     -0.7049     -0.6832     -0.6694     -0.6597     -0.6520     -0.6453
     -0.6083     -0.5675     -0.5303     -0.4961     -0.4644     -0.4349     -0.4101
     -0.3900     -0.3735     -0.3595     -0.3467     -0.3367     -0.3311     -0.3284
     -0.3269     -0.3254     -0.3246     -0.3310     -0.3470     -0.3792     -0.4426
     -0.5554     -0.7170     -0.9063     -1.1052     -1.2579     -1.3455     -1.3893
     -1.4095     -1.4213     -1.4366     -1.4755     -1.5705     -1.7420     -1.9496
     -2.1047     -2.1602     -2.1128     -1.9840     -1.8068     -1.6037     -1.3844
     -1.1512     -0.9036     -0.6418     -0.3683     -0.0873      0.1958      0.4756
      0.7478      1.0087      1.2555      1.4855      1.6965     -0.3732     -0.3698
     -0.3617     -0.3569     -0.3795     -0.4736     -0.6213     -0.7287     -0.7615
     -0.7553     -0.7291     -0.6998     -0.6803     -0.6678     -0.6587     -0.6513
     -0.6446     -0.6078     -0.5672     -0.5302     -0.4961     -0.4643     -0.4348
     -0.4101     -0.3900     -0.3735     -0.3595     -0.3466     -0.3367     -0.3311
     -0.3285     -0.3272     -0.3260     -0.3260     -0.3342     -0.3544     -0.3963
     -0.4790     -0.6150     -0.7868     -0.9791     -1.1665     -1.2946     -1.3647
     -1.3998     -1.4174     -1.4308     -1.4527     -1.5080     -1.6335     -1.8439
     -2.0799     -2.2410     -2.2845     -2.2176     -2.0731     -1.8858     -1.6753
     -1.4488     -1.2075     -0.9508     -0.6798     -0.3977     -0.1097      0.1785
      0.4617      0.7354      0.9962      1.2412      1.4678      1.6735     -0.3732
     -0.3699     -0.3626     -0.3628     -0.4067     -0.5343     -0.6803     -0.7535
     -0.7660     -0.7523     -0.7230     -0.6953     -0.6779     -0.6664     -0.6578
     -0.6506     -0.6441     -0.6074     -0.5670     -0.5301     -0.4960     -0.4643
     -0.4348     -0.4101     -0.3899     -0.3734     -0.3594     -0.3466     -0.3366
     -0.3312     -0.3286     -0.3276     -0.3268     -0.3278     -0.3383     -0.3642
     -0.4191     -0.5250     -0.6807     -0.8565     -1.0483     -1.2179     -1.3228
     -1.3792     -1.4076     -1.4236     -1.4391     -1.4690     -1.5438     -1.7035
     -1.9534     -2.2134     -2.3750     -2.4026     -2.3159     -2.1575     -1.9613
     -1.7437     -1.5098     -1.2601     -0.9942     -0.7140     -0.4238     -0.1295
      0.1631      0.4488      0.7232      0.9831      1.2255      1.4477      1.6468
     -0.3733     -0.3702     -0.3645     -0.3742     -0.4485     -0.6011     -0.7253
     -0.7668     -0.7669     -0.7480     -0.7170     -0.6914     -0.6757     -0.6651
     -0.6570     -0.6500     -0.6435     -0.6070     -0.5668     -0.5300     -0.4959
     -0.4642     -0.4348     -0.4100     -0.3899     -0.3734     -0.3593     -0.3465
     -0.3366     -0.3312     -0.3288     -0.3280     -0.3278     -0.3300     -0.3437
     -0.3772     -0.4494     -0.5810     -0.7489     -0.9247     -1.1119     -1.2595
     -1.3443     -1.3899     -1.4133     -1.4286     -1.4470     -1.4865     -1.5845
     -1.7817     -2.0702     -2.3487     -2.5051     -2.5134     -2.4077     -2.2372
     -2.0331     -1.8087     -1.5672     -1.3088     -1.0336     -0.7445     -0.4468
     -0.1469      0.1493      0.4366      0.7110      0.9692      1.2080      1.4245
      1.6157     -0.3733     -0.3707     -0.3683     -0.3947     -0.5047     -0.6646
     -0.7546     -0.7730     -0.7657     -0.7427     -0.7112     -0.6880     -0.6739
     -0.6640     -0.6563     -0.6494     -0.6430     -0.6067     -0.5667     -0.5299
     -0.4959     -0.4642     -0.4348     -0.4100     -0.3899     -0.3733     -0.3592
     -0.3464     -0.3366     -0.3313     -0.3291     -0.3285     -0.3290     -0.3329
     -0.3508     -0.3948     -0.4890     -0.6453     -0.8160     -0.9907     -1.1680
     -1.2921     -1.3608     -1.3979     -1.4176     -1.4328     -1.4549     -1.5065
     -1.6316     -1.8690     -2.1935     -2.4840     -2.6294     -2.6161     -2.4929
     -2.3121     -2.1009     -1.8698     -1.6206     -1.3532     -1.0688     -0.7714
     -0.4670     -0.1623      0.1366      0.4248      0.6984      0.9539      1.1880
      1.3976      1.5793     -0.3735     -0.3718     -0.3758     -0.4282     -0.5708
     -0.7163     -0.7710     -0.7752     -0.7632     -0.7369     -0.7059     -0.6851
     -0.6723     -0.6630     -0.6556     -0.6488     -0.6425     -0.6065     -0.5665
     -0.5298     -0.4959     -0.4642     -0.4348     -0.4100     -0.3898     -0.3732
     -0.3592     -0.3464     -0.3367     -0.3314     -0.3293     -0.3292     -0.3305
     -0.3367     -0.3603     -0.4185     -0.5393     -0.7141     -0.8801     -1.0535
     -1.2152     -1.3172     -1.3735     -1.4038     -1.4208     -1.4366     -1.4635
     -1.5302     -1.6865     -1.9659     -2.3219     -2.6174     -2.7461     -2.7101
     -2.5716     -2.3820     -2.1645     -1.9266     -1.6695     -1.3933     -1.1000
     -0.7948     -0.4845     -0.1760      0.1249      0.4132      0.6850      0.9368
      1.1651      1.3662      1.5365     -0.3738     -0.3740     -0.3899     -0.4768
     -0.6383     -0.7520     -0.7790     -0.7752     -0.7598     -0.7308     -0.7011
     -0.6825     -0.6708     -0.6622     -0.6550     -0.6482     -0.6421     -0.6063
     -0.5664     -0.5298     -0.4958     -0.4642     -0.4347     -0.4100     -0.3898
     -0.3732     -0.3591     -0.3463     -0.3367     -0.3316     -0.3297     -0.3300
     -0.3325     -0.3416     -0.3730     -0.4502     -0.6004     -0.7826     -0.9411
     -1.1116     -1.2535     -1.3366     -1.3833     -1.4082     -1.4234     -1.4402
     -1.4735     -1.5589     -1.7505     -2.0722     -2.4538     -2.7467     -2.8536
     -2.7952     -2.6436     -2.4466     -2.2232     -1.9787     -1.7136     -1.4287
     -1.1271     -0.8149     -0.4996     -0.1881      0.1138      0.4013      0.6704
      0.9174      1.1384      1.3294      1.4865     -0.3744     -0.3785     -0.4144
     -0.5383     -0.6979     -0.7732     -0.7822     -0.7741     -0.7556     -0.7246
     -0.6970     -0.6804     -0.6696     -0.6614     -0.6544     -0.6477     -0.6418
     -0.6061     -0.5664     -0.5298     -0.4958     -0.4642     -0.4347     -0.4099
     -0.3897     -0.3731     -0.3590     -0.3463     -0.3367     -0.3317     -0.3301
     -0.3310     -0.3350     -0.3481     -0.3902     -0.4921     -0.6698     -0.8466
     -0.9995     -1.1634     -1.2836     -1.3519     -1.3908     -1.4113     -1.4255
     -1.4442     -1.4858     -1.5940     -1.8245     -2.1871     -2.5873     -2.8698
     -2.9505     -2.8710     -2.7086     -2.5055     -2.2766     -2.0255     -1.7526
     -1.4593     -1.1500     -0.8319     -0.5126     -0.1990      0.1030      0.3888
      0.6542      0.8951      1.1073      1.2863      1.4282     -0.3756     -0.3873
     -0.4528     -0.6064     -0.7428     -0.7841     -0.7830     -0.7722     -0.7508
     -0.7186     -0.6933     -0.6785     -0.6685     -0.6608     -0.6539     -0.6472
     -0.6415     -0.6060     -0.5663     -0.5297     -0.4958     -0.4641     -0.4347
     -0.4099     -0.3897     -0.3730     -0.3589     -0.3463     -0.3368     -0.3319
     -0.3306     -0.3323     -0.3383     -0.3568     -0.4137     -0.5459     -0.7427
     -0.9048     -1.0556     -1.2076     -1.3071     -1.3642     -1.3966     -1.4137
     -1.4273     -1.4487     -1.5014     -1.6367     -1.9092     -2.3094     -2.7201
     -2.9843     -3.0360     -2.9376     -2.7663     -2.5581     -2.3240     -2.0664
     -1.7860     -1.4850     -1.1690     -0.8459     -0.5236     -0.2090      0.0922
      0.3753      0.6358      0.8692      1.0708      1.2359      1.3606     -0.3781
     -0.4036     -0.5059     -0.6721     -0.7715     -0.7889     -0.7825     -0.7697
     -0.7453     -0.7130     -0.6902     -0.6768     -0.6676     -0.6601     -0.6533
     -0.6468     -0.6413     -0.6059     -0.5662     -0.5297     -0.4958     -0.4641
     -0.4347     -0.4099     -0.3896     -0.3729     -0.3589     -0.3463     -0.3369
     -0.3322     -0.3312     -0.3339     -0.3425     -0.3685     -0.4456     -0.6116
     -0.8127     -0.9582     -1.1083     -1.2438     -1.3255     -1.3742     -1.4009
     -1.4154     -1.4292     -1.4545     -1.5213     -1.6882     -2.0046     -2.4373
     -2.8499     -3.0882     -3.1095     -2.9947     -2.8164     -2.6037     -2.3647
     -2.1010     -1.8134     -1.5057     -1.1842     -0.8573     -0.5330     -0.2183
      0.0812      0.3605      0.6148      0.8391      1.0281      1.1771      1.2832
     -0.3832     -0.4312     -0.5703     -0.7266     -0.7874     -0.7905     -0.7814
     -0.7667     -0.7394     -0.7079     -0.6876     -0.6754     -0.6668     -0.6596
     -0.6528     -0.6464     -0.6411     -0.6058     -0.5662     -0.5297     -0.4958
     -0.4641     -0.4347     -0.4099     -0.3896     -0.3729     -0.3588     -0.3463
     -0.3370     -0.3325     -0.3320     -0.3360     -0.3482     -0.3846     -0.4883
     -0.6866     -0.8751     -1.0087     -1.1563     -1.2726     -1.3404     -1.3823
     -1.4041     -1.4168     -1.4312     -1.4619     -1.5467     -1.7497     -2.1102
     -2.5689     -2.9744     -3.1796     -3.1710     -3.0424     -2.8584     -2.6416
     -2.3980     -2.1285     -1.8348     -1.5213     -1.1955     -0.8660     -0.5409
     -0.2271      0.0696      0.3439      0.5905      0.8038      0.9783      1.1093
      1.1954     -0.3929     -0.4731     -0.6384     -0.7651     -0.7950     -0.7904
     -0.7799     -0.7632     -0.7333     -0.7034     -0.6853     -0.6742     -0.6660
     -0.6590     -0.6523     -0.6461     -0.6409     -0.6057     -0.5662     -0.5296
     -0.4957     -0.4641     -0.4347     -0.4098     -0.3895     -0.3728     -0.3588
     -0.3464     -0.3371     -0.3329     -0.3330     -0.3386     -0.3557     -0.4068
     -0.5440     -0.7648     -0.9286     -1.0574     -1.1981     -1.2952     -1.3528
     -1.3887     -1.4064     -1.4179     -1.4336     -1.4718     -1.5788     -1.8219
     -2.2251     -2.7019     -3.0909     -3.2575     -3.2207     -3.0807     -2.8919
     -2.6713     -2.4232     -2.1486     -1.8497     -1.5318     -1.2031     -0.8722
     -0.5475     -0.2357      0.0570      0.3250      0.5622      0.7626      0.9203
      1.0316      1.0973     -0.4106     -0.5291     -0.7011     -0.7884     -0.7980
     -0.7896     -0.7781     -0.7590     -0.7272     -0.6995     -0.6833     -0.6731
     -0.6654     -0.6585     -0.6518     -0.6458     -0.6408     -0.6057     -0.5661
     -0.5296     -0.4957     -0.4641     -0.4346     -0.4098     -0.3894     -0.3727
     -0.3588     -0.3464     -0.3373     -0.3334     -0.3343     -0.3421     -0.3660
     -0.4372     -0.6132     -0.8387     -0.9752     -1.1044     -1.2331     -1.3131
     -1.3635     -1.3937     -1.4081     -1.4190     -1.4368     -1.4849     -1.6187
     -1.9053     -2.3477     -2.8341     -3.1969     -3.3212     -3.2592     -3.1097
     -2.9164     -2.6922     -2.4399     -2.1609     -1.8580     -1.5373     -1.2070
     -0.8762     -0.5529     -0.2443      0.0432      0.3032      0.5293      0.7146
      0.8535      0.9439      0.9895     -0.4402     -0.5949     -0.7508     -0.8006
     -0.7986     -0.7884     -0.7761     -0.7543     -0.7213     -0.6961     -0.6816
     -0.6721     -0.6648     -0.6580     -0.6513     -0.6456     -0.6407     -0.6056
     -0.5661     -0.5296     -0.4957     -0.4641     -0.4346     -0.4097     -0.3894
     -0.3726     -0.3587     -0.3465     -0.3375     -0.3340     -0.3359     -0.3468
     -0.3802     -0.4787     -0.6933     -0.9021     -1.0178     -1.1485     -1.2613
     -1.3277     -1.3727     -1.3976     -1.4094     -1.4201     -1.4411     -1.5022
     -1.6676     -1.9998     -2.4762     -2.9630     -3.2903     -3.3712     -3.2872
     -3.1294     -2.9317     -2.7037     -2.4477     -2.1652     -1.8597     -1.5376
     -1.2074     -0.8779     -0.5574     -0.2532      0.0277      0.2782      0.4909
      0.6588      0.7772      0.8463      0.8733     -0.4843     -0.6626     -0.7843
     -0.8061     -0.7980     -0.7870     -0.7737     -0.7490     -0.7158     -0.6931
     -0.6801     -0.6713     -0.6643     -0.6575     -0.6510     -0.6454     -0.6406
     -0.6056     -0.5661     -0.5296     -0.4957     -0.4640     -0.4346     -0.4097
     -0.3893     -0.3726     -0.3587     -0.3465     -0.3378     -0.3347     -0.3380
     -0.3530     -0.3999     -0.5338     -0.7780     -0.9533     -1.0589     -1.1881
     -1.2835     -1.3403     -1.3804     -1.4005     -1.4104     -1.4214     -1.4469
     -1.5248     -1.7266     -2.1050     -2.6085     -3.0861     -3.3695     -3.4082
     -3.3054     -3.1400     -2.9378     -2.7059     -2.4464     -2.1615     -1.8548
     -1.5330     -1.2042     -0.8774     -0.5609     -0.2625      0.0101      0.2491
      0.4463      0.5948      0.6914      0.7398      0.7503     -0.5422     -0.7233
     -0.8039     -0.8080     -0.7969     -0.7855     -0.7709     -0.7432     -0.7108
     -0.6906     -0.6788     -0.6706     -0.6638     -0.6570     -0.6506     -0.6452
     -0.6406     -0.6056     -0.5661     -0.5296     -0.4957     -0.4640     -0.4346
     -0.4096     -0.3892     -0.3725     -0.3587     -0.3467     -0.3382     -0.3357
     -0.3408     -0.3615     -0.4272     -0.6041     -0.8582     -0.9948     -1.0995
     -1.2222     -1.3010     -1.3515     -1.3869     -1.4026     -1.4112     -1.4232
     -1.4549     -1.5538     -1.7965     -2.2198     -2.7425     -3.2007     -3.4337
     -3.4336     -3.3146     -3.1419     -2.9347     -2.6987     -2.4362     -2.1498
     -1.8434     -1.5233     -1.1976     -0.8748     -0.5637     -0.2726     -0.0099
      0.2155      0.3949      0.5221      0.5966      0.6258      0.6224     -0.6092
     -0.7700     -0.8138     -0.8080     -0.7955     -0.7840     -0.7676     -0.7372
     -0.7064     -0.6885     -0.6777     -0.6700     -0.6633     -0.6565     -0.6503
     -0.6451     -0.6405     -0.6055     -0.5661     -0.5296     -0.4957     -0.4640
     -0.4345     -0.4096     -0.3891     -0.3725     -0.3588     -0.3468     -0.3386
     -0.3369     -0.3444     -0.3733     -0.4652     -0.6878     -0.9262     -1.0304
     -1.1391     -1.2502     -1.3153     -1.3618     -1.3920     -1.4042     -1.4119
     -1.4255     -1.4658     -1.5905     -1.8776     -2.3426     -2.8759     -3.3043
     -3.4830     -3.4486     -3.3156     -3.1354     -2.9227     -2.6824     -2.4175
     -2.1306     -1.8258     -1.5088     -1.1874     -0.8701     -0.5658     -0.2836
     -0.0328      0.1767      0.3361      0.4408      0.4938      0.5062      0.4919
     -0.6774     -0.8007     -0.8182     -0.8071     -0.7941     -0.7823     -0.7637
     -0.7312     -0.7026     -0.6866     -0.6767     -0.6694     -0.6628     -0.6561
     -0.6501     -0.6450     -0.6405     -0.6055     -0.5660     -0.5295     -0.4956
     -0.4640     -0.4345     -0.4095     -0.3890     -0.3724     -0.3588     -0.3470
     -0.3391     -0.3384     -0.3492     -0.3897     -0.5168     -0.7788     -0.9788
     -1.0638     -1.1761     -1.2726     -1.3276     -1.3711     -1.3960     -1.4053
     -1.4127     -1.4287     -1.4805     -1.6359     -1.9702     -2.4716     -3.0064
     -3.3947     -3.5185     -3.4545     -3.3089     -3.1210     -2.9023     -2.6578
     -2.3908     -2.1043     -1.8020     -1.4895     -1.1737     -0.8633     -0.5673
     -0.2957     -0.0590      0.1323      0.2699      0.3516      0.3849      0.3835
      0.3611     -0.7380     -0.8183     -0.8195     -0.8058     -0.7927     -0.7804
     -0.7593     -0.7253     -0.6993     -0.6850     -0.6759     -0.6689     -0.6623
     -0.6557     -0.6499     -0.6449     -0.6404     -0.6055     -0.5660     -0.5295
     -0.4956     -0.4640     -0.4344     -0.4094     -0.3890     -0.3724     -0.3589
     -0.3472     -0.3398     -0.3405     -0.3559     -0.4128     -0.5846     -0.8675
     -1.0181     -1.0971     -1.2092     -1.2902     -1.3389     -1.3794     -1.3990
     -1.4062     -1.4136     -1.4332     -1.4999     -1.6911     -2.0737     -2.6048
     -3.1313     -3.4702     -3.5417     -3.4526     -3.2952     -3.0993     -2.8742
     -2.6254     -2.3567     -2.0713     -1.7726     -1.4655     -1.1566     -0.8543
     -0.5682     -0.3092     -0.0887      0.0822      0.1965      0.2562      0.2723
      0.2603      0.2326     -0.7843     -0.8272     -0.8192     -0.8043     -0.7913
     -0.7783     -0.7542     -0.7198     -0.6964     -0.6836     -0.6751     -0.6684
     -0.6619     -0.6553     -0.6498     -0.6449     -0.6404     -0.6055     -0.5660
     -0.5295     -0.4956     -0.4639     -0.4344     -0.4094     -0.3889     -0.3724
     -0.3589     -0.3475     -0.3407     -0.3431     -0.3650     -0.4453     -0.6685
     -0.9437     -1.0488     -1.1308     -1.2373     -1.3043     -1.3497     -1.3864
     -1.4013     -1.4069     -1.4149     -1.4394     -1.5252     -1.7570     -2.1871
     -2.7402     -3.2482     -3.5304     -3.5541     -3.4437     -3.2750     -3.0707
     -2.8391     -2.5861     -2.3161     -2.0323     -1.7379     -1.4371     -1.1361
     -0.8432     -0.5686     -0.3241     -0.1222      0.0264      0.1172      0.1566
      0.1590      0.1395      0.1088     -0.8147     -0.8310     -0.8182     -0.8027
     -0.7898     -0.7758     -0.7487     -0.7148     -0.6940     -0.6824     -0.6745
     -0.6680     -0.6614     -0.6550     -0.6496     -0.6448     -0.6404     -0.6054
     -0.5660     -0.5295     -0.4956     -0.4639     -0.4343     -0.4093     -0.3888
     -0.3724     -0.3591     -0.3479     -0.3418     -0.3467     -0.3778     -0.4905
     -0.7640     -1.0022     -1.0753     -1.1640     -1.2604     -1.3162     -1.3602
     -1.3922     -1.4029     -1.4074     -1.4165     -1.4480     -1.5575     -1.8341
     -2.3091     -2.8756     -3.3543     -3.5754     -3.5573     -3.4285     -3.2489
     -3.0358     -2.7977     -2.5408     -2.2698     -1.9880     -1.6983     -1.4044
     -1.1122     -0.8300     -0.5686     -0.3407     -0.1594     -0.0344      0.0337
      0.0558      0.0480      0.0240     -0.0077     -0.8321     -0.8322     -0.8168
     -0.8012     -0.7884     -0.7729     -0.7429     -0.7103     -0.6919     -0.6814
     -0.6739     -0.6675     -0.6610     -0.6548     -0.6495     -0.6448     -0.6404
     -0.6054     -0.5660     -0.5295     -0.4956     -0.4639     -0.4343     -0.4092
     -0.3887     -0.3724     -0.3592     -0.3483     -0.3432     -0.3516     -0.3959
     -0.5520     -0.8614     -1.0436     -1.1010     -1.1952     -1.2787     -1.3269
     -1.3703     -1.3968     -1.4041     -1.4080     -1.4188     -1.4597     -1.5980
     -1.9228     -2.4378     -3.0087     -3.4475     -3.6065     -3.5529     -3.4078
     -3.2172     -2.9954     -2.7508     -2.4902     -2.2186     -1.9391     -1.6543
     -1.3678     -1.0851     -0.8148     -0.5682     -0.3588     -0.1999     -0.0988
     -0.0512     -0.0429     -0.0575     -0.0834     -0.1143     -0.8409     -0.8320
     -0.8152     -0.7997     -0.7869     -0.7695     -0.7369     -0.7064     -0.6901
     -0.6805     -0.6734     -0.6671     -0.6605     -0.6546     -0.6495     -0.6447
     -0.6403     -0.6054     -0.5659     -0.5294     -0.4956     -0.4639     -0.4342
     -0.4091     -0.3887     -0.3724     -0.3594     -0.3489     -0.3451     -0.3583
     -0.4218     -0.6315     -0.9489     -1.0726     -1.1276     -1.2231     -1.2931
     -1.3373     -1.3795     -1.4003     -1.4050     -1.4087     -1.4220     -1.4755
     -1.6477     -2.0227     -2.5714     -3.1372     -3.5258     -3.6254     -3.5419
     -3.3819     -3.1805     -2.9500     -2.6992     -2.4352     -2.1631     -1.8860
     -1.6064     -1.3276     -1.0551     -0.7976     -0.5673     -0.3783     -0.2429
     -0.1647     -0.1347     -0.1361     -0.1544     -0.1803     -0.2092     -0.8448
     -0.8311     -0.8135     -0.7983     -0.7852     -0.7655     -0.7310     -0.7031
     -0.6886     -0.6797     -0.6729     -0.6666     -0.6602     -0.6544     -0.6494
     -0.6447     -0.6403     -0.6054     -0.5659     -0.5294     -0.4955     -0.4638
     -0.4341     -0.4090     -0.3887     -0.3725     -0.3596     -0.3497     -0.3476
     -0.3676     -0.4585     -0.7270     -1.0180     -1.0946     -1.1550     -1.2469
     -1.3048     -1.3478     -1.3876     -1.4029     -1.4057     -1.4095     -1.4266
     -1.4963     -1.7077     -2.1330     -2.7078     -3.2585     -3.5886     -3.6337
     -3.5250     -3.3513     -3.1391     -2.9001     -2.6435     -2.3765     -2.1042
     -1.8296     -1.5552     -1.2842     -1.0223     -0.7788     -0.5662     -0.3989
     -0.2871     -0.2298     -0.2134     -0.2211     -0.2405     -0.2648     -0.2908
     -0.8462     -0.8297     -0.8119     -0.7969     -0.7834     -0.7609     -0.7254
     -0.7002     -0.6872     -0.6790     -0.6725     -0.6662     -0.6598     -0.6543
     -0.6493     -0.6446     -0.6403     -0.6053     -0.5659     -0.5294     -0.4955
     -0.4638     -0.4341     -0.4089     -0.3886     -0.3725     -0.3599     -0.3506
     -0.3509     -0.3808     -0.5100     -0.8311     -1.0666     -1.1139     -1.1826
     -1.2663     -1.3148     -1.3586     -1.3945     -1.4049     -1.4062     -1.4106
     -1.4329     -1.5233     -1.7788     -2.2525     -2.8450     -3.3701     -3.6359
     -3.6332     -3.5031     -3.3161     -3.0934     -2.8463     -2.5843     -2.3146
     -2.0423     -1.7702     -1.5010     -1.2380     -0.9873     -0.7584     -0.5648
     -0.4201     -0.3310     -0.2912     -0.2845     -0.2955     -0.3143     -0.3361
     -0.3588     -0.8461     -0.8282     -0.8103     -0.7956     -0.7814     -0.7558
     -0.7202     -0.6977     -0.6861     -0.6784     -0.6721     -0.6658     -0.6595
     -0.6542     -0.6493     -0.6446     -0.6402     -0.6053     -0.5658     -0.5294
     -0.4955     -0.4637     -0.4340     -0.4088     -0.3886     -0.3726     -0.3603
     -0.3519     -0.3555     -0.3998     -0.5798     -0.9313     -1.0986     -1.1330
     -1.2088     -1.2817     -1.3242     -1.3695     -1.4001     -1.4063     -1.4067
     -1.4122     -1.4416     -1.5576     -1.8614     -2.3796     -2.9810     -3.4695
     -3.6687     -3.6253     -3.4764     -3.2767     -3.0438     -2.7891     -2.5221
     -2.2502     -1.9779     -1.7085     -1.4444     -1.1895     -0.9503     -0.7370
     -0.5633     -0.4410     -0.3726     -0.3467     -0.3462     -0.3582     -0.3753
     -0.3942     -0.4136     -0.8454     -0.8266     -0.8087     -0.7942     -0.7789
     -0.7502     -0.7156     -0.6956     -0.6851     -0.6779     -0.6717     -0.6653
     -0.6593     -0.6541     -0.6492     -0.6446     -0.6402     -0.6052     -0.5658
     -0.5293     -0.4954     -0.4637     -0.4339     -0.4088     -0.3886     -0.3728
     -0.3608     -0.3535     -0.3619     -0.4272     -0.6689     -1.0155     -1.1197
     -1.1534     -1.2326     -1.2938     -1.3337     -1.3799     -1.4044     -1.4073
     -1.4072     -1.4143     -1.4535     -1.6004     -1.9554     -2.5123     -3.1135
     -3.5546     -3.6887     -3.6111     -3.4453     -3.2334     -2.9907     -2.7289
     -2.4575     -2.1836     -1.9117     -1.6449     -1.3860     -1.1393     -0.9119
     -0.7149     -0.5616     -0.4611     -0.4104     -0.3946     -0.3976     -0.4092
     -0.4241     -0.4401     -0.4564     -0.8443     -0.8249     -0.8072     -0.7929
     -0.7760     -0.7443     -0.7115     -0.6938     -0.6842     -0.6774     -0.6713
     -0.6649     -0.6591     -0.6540     -0.6492     -0.6445     -0.6401     -0.6052
     -0.5658     -0.5293     -0.4954     -0.4636     -0.4338     -0.4087     -0.3886
     -0.3730     -0.3614     -0.3557     -0.3708     -0.4666     -0.7736     -1.0774
     -1.1352     -1.1751     -1.2530     -1.3037     -1.3438     -1.3896     -1.4077
     -1.4080     -1.4077     -1.4174     -1.4695     -1.6527     -2.0604     -2.6489
     -3.2403     -3.6242     -3.6977     -3.5914     -3.4101     -3.1864     -2.9344
     -2.6661     -2.3908     -2.1152     -1.8439     -1.5798     -1.3262     -1.0879
     -0.8729     -0.6928     -0.5599     -0.4795     -0.4431     -0.4342     -0.4389
     -0.4493     -0.4619     -0.4753     -0.4890     -0.8430     -0.8231     -0.8058
     -0.7915     -0.7726     -0.7384     -0.7080     -0.6923     -0.6834     -0.6770
     -0.6709     -0.6645     -0.6589     -0.6539     -0.6491     -0.6444     -0.6401
     -0.6052     -0.5657     -0.5293     -0.4954     -0.4635     -0.4337     -0.4086
     -0.3887     -0.3732     -0.3621     -0.3586     -0.3837     -0.5222     -0.8836
     -1.1181     -1.1485     -1.1975     -1.2697     -1.3122     -1.3548     -1.3979
     -1.4101     -1.4086     -1.4085     -1.4217     -1.4906     -1.7156     -2.1754
     -2.7873     -3.3587     -3.6779     -3.6975     -3.5668     -3.3711     -3.1359
     -2.8753     -2.6010     -2.3223     -2.0455     -1.7749     -1.5136     -1.2654
     -1.0358     -0.8337     -0.6711     -0.5583     -0.4956     -0.4703     -0.4658
     -0.4709     -0.4800     -0.4906     -0.5017     -0.5132     -0.8415     -0.8215
     -0.8045     -0.7900     -0.7686     -0.7326     -0.7049     -0.6910     -0.6828
     -0.6766     -0.6705     -0.6642     -0.6588     -0.6538     -0.6490     -0.6444
     -0.6400     -0.6051     -0.5657     -0.5293     -0.4953     -0.4635     -0.4336
     -0.4086     -0.3887     -0.3735     -0.3632     -0.3627     -0.4024     -0.5976
     -0.9850     -1.1432     -1.1621     -1.2194     -1.2830     -1.3203     -1.3664
     -1.4049     -1.4118     -1.4090     -1.4094     -1.4277     -1.5180     -1.7897
     -2.2989     -2.9258     -3.4662     -3.7165     -3.6895     -3.5378     -3.3283
     -3.0823     -2.8136     -2.5341     -2.2524     -1.9747     -1.7050     -1.4468
     -1.2043     -0.9838     -0.7953     -0.6504     -0.5568     -0.5092     -0.4919
     -0.4902     -0.4952     -0.5029     -0.5117     -0.5212     -0.5310     -0.8399
     -0.8198     -0.8032     -0.7883     -0.7640     -0.7272     -0.7024     -0.6898
     -0.6822     -0.6763     -0.6700     -0.6639     -0.6587     -0.6537     -0.6489
     -0.6443     -0.6400     -0.6051     -0.5657     -0.5292     -0.4953     -0.4634
     -0.4335     -0.4086     -0.3888     -0.3738     -0.3645     -0.3684     -0.4297
     -0.6936     -1.0660     -1.1588     -1.1769     -1.2396     -1.2935     -1.3286
     -1.3782     -1.4105     -1.4131     -1.4094     -1.4107     -1.4359     -1.5527
     -1.8754     -2.4292     -3.0621     -3.5606     -3.7413     -3.6750     -3.5047
     -3.2820     -3.0258     -2.7498     -2.4655     -2.1814     -1.9031     -1.6346
     -1.3797     -1.1432     -0.9325     -0.7583     -0.6315     -0.5555     -0.5201
     -0.5087     -0.5085     -0.5131     -0.5197     -0.5272     -0.5352     -0.5438
     -0.8383     -0.8182     -0.8019     -0.7863     -0.7589     -0.7222     -0.7002
     -0.6888     -0.6817     -0.6759     -0.6696     -0.6637     -0.6585     -0.6536
     -0.6488     -0.6442     -0.6399     -0.6050     -0.5657     -0.5292     -0.4953
     -0.4633     -0.4334     -0.4086     -0.3890     -0.3743     -0.3663     -0.3765
     -0.4694     -0.8048     -1.1225     -1.1695     -1.1932     -1.2572     -1.3020
     -1.3379     -1.3896     -1.4148     -1.4140     -1.4098     -1.4126     -1.4473
     -1.5960     -1.9725     -2.5646     -3.1943     -3.6399     -3.7541     -3.6549
     -3.4677     -3.2324     -2.9666     -2.6839     -2.3955     -2.1094     -1.8309
     -1.5639     -1.3126     -1.0827     -0.8826     -0.7234     -0.6146     -0.5544
     -0.5287     -0.5213     -0.5220     -0.5262     -0.5318     -0.5383     -0.5453
     -0.5530     -0.8366     -0.8167     -0.8007     -0.7840     -0.7533     -0.7178
     -0.6983     -0.6879     -0.6813     -0.6755     -0.6692     -0.6634     -0.6584
     -0.6535     -0.6487     -0.6441     -0.6398     -0.6050     -0.5656     -0.5292
     -0.4952     -0.4632     -0.4334     -0.4086     -0.3891     -0.3749     -0.3688
     -0.3882     -0.5261     -0.9194     -1.1578     -1.1785     -1.2107     -1.2719
     -1.3092     -1.3485     -1.4000     -1.4180     -1.4147     -1.4103     -1.4153
     -1.4625     -1.6489     -2.0803     -2.7031     -3.3199     -3.7034     -3.7568
     -3.6299     -3.4269     -3.1798     -2.9050     -2.6163     -2.3244     -2.0367
     -1.7582     -1.4931     -1.2459     -1.0233     -0.8347     -0.6915     -0.6001
     -0.5535     -0.5352     -0.5306     -0.5318     -0.5356     -0.5405     -0.5462
     -0.5525     -0.5595     -0.8349     -0.8153     -0.7995     -0.7812     -0.7475
     -0.7139     -0.6967     -0.6872     -0.6809     -0.6751     -0.6688     -0.6632
     -0.6583     -0.6533     -0.6486     -0.6440     -0.6398     -0.6050     -0.5656
     -0.5292     -0.4951     -0.4631     -0.4333     -0.4086     -0.3893     -0.3757
     -0.3721     -0.4053     -0.6038     -1.0220     -1.1785     -1.1874     -1.2284
     -1.2837     -1.3159     -1.3603     -1.4090     -1.4203     -1.4152     -1.4108
     -1.4190     -1.4827     -1.7124     -2.1979     -2.8430     -3.4365     -3.7510
     -3.7510     -3.6003     -3.3827     -3.1243     -2.8413     -2.5473     -2.2523
     -1.9634     -1.6854     -1.4225     -1.1801     -0.9656     -0.7896     -0.6630
     -0.5880     -0.5528     -0.5400     -0.5373     -0.5389     -0.5423     -0.5467
     -0.5518     -0.5576     -0.5640     -0.8331     -0.8139     -0.7982     -0.7780
     -0.7416     -0.7106     -0.6953     -0.6865     -0.6805     -0.6747     -0.6684
     -0.6630     -0.6581     -0.6532     -0.6485     -0.6439     -0.6397     -0.6049
     -0.5656     -0.5291     -0.4951     -0.4630     -0.4332     -0.4087     -0.3896
     -0.3767     -0.3769     -0.4306     -0.7031     -1.1015     -1.1906     -1.1974
     -1.2453     -1.2930     -1.3229     -1.3730     -1.4164     -1.4221     -1.4155
     -1.4116     -1.4243     -1.5089     -1.7871     -2.3236     -2.9824     -3.5416
     -3.7838     -3.7381     -3.5667     -3.3352     -3.0662     -2.7757     -2.4769
     -2.1795     -1.8898     -1.6126     -1.3525     -1.1154     -0.9101     -0.7480
     -0.6383     -0.5783     -0.5523     -0.5435     -0.5421     -0.5439     -0.5470
     -0.5510     -0.5557     -0.5611     -0.5673     -0.8315     -0.8127     -0.7968
     -0.7741     -0.7358     -0.7078     -0.6941     -0.6860     -0.6801     -0.6742
     -0.6680     -0.6628     -0.6579     -0.6530     -0.6483     -0.6439     -0.6397
     -0.6049     -0.5656     -0.5291     -0.4950     -0.4629     -0.4332     -0.4087
     -0.3899     -0.3781     -0.3836     -0.4680     -0.8184     -1.1552     -1.1983
     -1.2088     -1.2606     -1.3004     -1.3308     -1.3861     -1.4224     -1.4233
     -1.4159     -1.4127     -1.4316     -1.5424     -1.8735     -2.4559     -3.1193
     -3.6329     -3.8033     -3.7192     -3.5292     -3.2845     -3.0056     -2.7083
     -2.4055     -2.1060     -1.8159     -1.5400     -1.2831     -1.0523     -0.8574
     -0.7104     -0.6175     -0.5708     -0.5519     -0.5460     -0.5456     -0.5474
     -0.5504     -0.5541     -0.5585     -0.5636     -0.5695     -0.8298     -0.8114
     -0.7953     -0.7696     -0.7305     -0.7054     -0.6930     -0.6854     -0.6798
     -0.6738     -0.6677     -0.6626     -0.6577     -0.6529     -0.6482     -0.6438
     -0.6397     -0.6049     -0.5656     -0.5291     -0.4949     -0.4628     -0.4332
     -0.4088     -0.3904     -0.3800     -0.3935     -0.5223     -0.9368     -1.1877
     -1.2041     -1.2216     -1.2736     -1.3065     -1.3402     -1.3988     -1.4269
     -1.4241     -1.4162     -1.4142     -1.4416     -1.5842     -1.9712     -2.5928
     -3.2517     -3.7088     -3.8114     -3.6950     -3.4881     -3.2310     -2.9429
     -2.6395     -2.3331     -2.0321     -1.7420     -1.4677     -1.2148     -0.9913
     -0.8082     -0.6772     -0.6006     -0.5651     -0.5516     -0.5478     -0.5480
     -0.5499     -0.5527     -0.5562     -0.5605     -0.5654     -0.5711     -0.8283
     -0.8103     -0.7935     -0.7646     -0.7256     -0.7033     -0.6921     -0.6850
     -0.6794     -0.6733     -0.6674     -0.6624     -0.6575     -0.6527     -0.6481
     -0.6437     -0.6396     -0.6049     -0.5655     -0.5290     -0.4948     -0.4627
     -0.4332     -0.4090     -0.3909     -0.3826     -0.4080     -0.5979     -1.0422
     -1.2061     -1.2096     -1.2352     -1.2843     -1.3121     -1.3512     -1.4105
     -1.4303     -1.4248     -1.4165     -1.4163     -1.4552     -1.6354     -2.0797
     -2.7326     -3.3772     -3.7687     -3.8099     -3.6662     -3.4435     -3.1747
     -2.8782     -2.5694     -2.2600     -1.9578     -1.6681     -1.3961     -1.1479
     -0.9328     -0.7631     -0.6489     -0.5873     -0.5608     -0.5514     -0.5491
     -0.5497     -0.5516     -0.5543     -0.5577     -0.5618     -0.5666     -0.5722
     -0.8268     -0.8092     -0.7914     -0.7591     -0.7212     -0.7016     -0.6913
     -0.6846     -0.6790     -0.6727     -0.6670     -0.6621     -0.6573     -0.6526
     -0.6480     -0.6436     -0.6396     -0.6049     -0.5655     -0.5290     -0.4947
     -0.4626     -0.4332     -0.4091     -0.3917     -0.3863     -0.4298     -0.6965
     -1.1229     -1.2162     -1.2157     -1.2489     -1.2927     -1.3176     -1.3638
     -1.4206     -1.4327     -1.4252     -1.4170     -1.4193     -1.4733     -1.6972
     -2.1979     -2.8735     -3.4934     -3.8127     -3.8004     -3.6331     -3.3958
     -3.1159     -2.8116     -2.4981     -2.1863     -1.8833     -1.5945     -1.3252
     -1.0827     -0.8774     -0.7225     -0.6252     -0.5770     -0.5577     -0.5513
     -0.5500     -0.5509     -0.5528     -0.5555     -0.5588     -0.5628     -0.5675
     -0.5730     -0.8254     -0.8080     -0.7889     -0.7533     -0.7174     -0.7000
     -0.6906     -0.6842     -0.6785     -0.6722     -0.6667     -0.6618     -0.6571
     -0.6524     -0.6479     -0.6436     -0.6396     -0.6048     -0.5655     -0.5289
     -0.4946     -0.4626     -0.4332     -0.4094     -0.3927     -0.3915     -0.4623
     -0.8131     -1.1769     -1.2220     -1.2229     -1.2618     -1.2994     -1.3239
     -1.3778     -1.4290     -1.4345     -1.4256     -1.4175     -1.4236     -1.4971
     -1.7700     -2.3243     -3.0139     -3.5979     -3.8422     -3.7842     -3.5962
     -3.3450     -3.0548     -2.7436     -2.4259     -2.1121     -1.8088     -1.5213
     -1.2554     -1.0196     -0.8257     -0.6868     -0.6062     -0.5693     -0.5554
     -0.5512     -0.5507     -0.5517     -0.5537     -0.5563     -0.5595     -0.5634
     -0.5681     -0.5735     -0.8241     -0.8069     -0.7858     -0.7474     -0.7142
     -0.6987     -0.6900     -0.6837     -0.6779     -0.6717     -0.6664     -0.6616
     -0.6569     -0.6523     -0.6478     -0.6435     -0.6395     -0.6048     -0.5655
     -0.5289     -0.4945     -0.4625     -0.4333     -0.4097     -0.3941     -0.3992
     -0.5105     -0.9349     -1.2091     -1.2259     -1.2314     -1.2733     -1.3048
     -1.3313     -1.3924     -1.4356     -1.4358     -1.4258     -1.4183     -1.4295
     -1.5275     -1.8545     -2.4571     -3.1517     -3.6883     -3.8586     -3.7623
     -3.5557     -3.2914     -2.9916     -2.6741     -2.3529     -2.0376     -1.7343
     -1.4486     -1.1870     -0.9591     -0.7782     -0.6563     -0.5911     -0.5636
     -0.5538     -0.5511     -0.5511     -0.5523     -0.5543     -0.5569     -0.5600
     -0.5639     -0.5685     -0.5739     -0.8229     -0.8056     -0.7823     -0.7417
     -0.7114     -0.6976     -0.6894     -0.6833     -0.6773     -0.6712     -0.6660
     -0.6613     -0.6567     -0.6521     -0.6477     -0.6435     -0.6395     -0.6048
     -0.5655     -0.5288     -0.4944     -0.4625     -0.4333     -0.4101     -0.3959
     -0.4105     -0.5795     -1.0452     -1.2269     -1.2292     -1.2410     -1.2830
     -1.3094     -1.3404     -1.4068     -1.4407     -1.4367     -1.4261     -1.4194
     -1.4377     -1.5659     -1.9504     -2.5946     -3.2851     -3.7633     -3.8640
     -3.7353     -3.5118     -3.2352     -2.9265     -2.6034     -2.2793     -1.9628
     -1.6600     -1.3767     -1.1202     -0.9016     -0.7353     -0.6309     -0.5796
     -0.5595     -0.5527     -0.5511     -0.5514     -0.5527     -0.5547     -0.5572
     -0.5604     -0.5642     -0.5688     -0.5741     -0.8217     -0.8043     -0.7781
     -0.7362     -0.7090     -0.6965     -0.6888     -0.6828     -0.6767     -0.6707
     -0.6657     -0.6611     -0.6565     -0.6520     -0.6477     -0.6435     -0.6395
     -0.6048     -0.5654     -0.5287     -0.4943     -0.4625     -0.4334     -0.4106
     -0.3986     -0.4276     -0.6723     -1.1309     -1.2363     -1.2326     -1.2513
     -1.2909     -1.3137     -1.3516     -1.4202     -1.4445     -1.4373     -1.4263
     -1.4210     -1.4490     -1.6133     -2.0573     -2.7351     -3.4117     -3.8220
     -3.8601     -3.7040     -3.4647     -3.1765     -2.8597     -2.5317     -2.2051
     -1.8879     -1.5861     -1.3057     -1.0554     -0.8477     -0.6976     -0.6103
     -0.5710     -0.5565     -0.5519     -0.5510     -0.5516     -0.5530     -0.5550
     -0.5575     -0.5606     -0.5644     -0.5690     -0.5743     -0.8206     -0.8027
     -0.7733     -0.7312     -0.7069     -0.6956     -0.6883     -0.6823     -0.6760
     -0.6703     -0.6654     -0.6608     -0.6564     -0.6519     -0.6476     -0.6434
     -0.6395     -0.6048     -0.5654     -0.5286     -0.4942     -0.4625     -0.4336
     -0.4113     -0.4023     -0.4535     -0.7863     -1.1886     -1.2413     -1.2366
     -1.2616     -1.2972     -1.3183     -1.3648     -1.4320     -1.4473     -1.4378
     -1.4266     -1.4232     -1.4641     -1.6709     -2.1741     -2.8769     -3.5291
     -3.8650     -3.8484     -3.6686     -3.4147     -3.1155     -2.7913     -2.4591
     -2.1305     -1.8130     -1.5126     -1.2360     -0.9930     -0.7980     -0.6651
     -0.5942     -0.5647     -0.5544     -0.5513     -0.5510     -0.5518     -0.5532
     -0.5552     -0.5577     -0.5608     -0.5646     -0.5691     -0.5745     -0.8196
     -0.8008     -0.7679     -0.7267     -0.7051     -0.6947     -0.6877     -0.6817
     -0.6753     -0.6698     -0.6650     -0.6606     -0.6562     -0.6518     -0.6476
     -0.6434     -0.6395     -0.6048     -0.5653     -0.5285     -0.4942     -0.4625
     -0.4338     -0.4122     -0.4078     -0.4927     -0.9104     -1.2231     -1.2442
     -1.2415     -1.2714     -1.3021     -1.3237     -1.3797     -1.4419     -1.4493
     -1.4381     -1.4270     -1.4263     -1.4842     -1.7393     -2.2994     -3.0183
     -3.6349     -3.8934     -3.8302     -3.6296     -3.3618     -3.0524     -2.7216
     -2.3857     -2.0556     -1.7382     -1.4398     -1.1677     -0.9335     -0.7528
     -0.6379     -0.5818     -0.5601     -0.5529     -0.5510     -0.5510     -0.5519
     -0.5534     -0.5553     -0.5578     -0.5609     -0.5647     -0.5692     -0.5745
     -0.8185     -0.7986     -0.7622     -0.7228     -0.7035     -0.6939     -0.6872
     -0.6810     -0.6746     -0.6693     -0.6647     -0.6604     -0.6561     -0.6517
     -0.6475     -0.6434     -0.6395     -0.6048     -0.5653     -0.5284     -0.4941
     -0.4625     -0.4340     -0.4134     -0.4159     -0.5506     -1.0275     -1.2421
     -1.2462     -1.2475     -1.2801     -1.3061     -1.3303     -1.3959     -1.4498
     -1.4507     -1.4383     -1.4276     -1.4308     -1.5102     -1.8192     -2.4315
     -3.1575     -3.7269     -3.9089     -3.8065     -3.5872     -3.3063     -2.9875
     -2.6507     -2.3117     -1.9805     -1.6637     -1.3677     -1.1012     -0.8773
     -0.7126     -0.6158     -0.5725     -0.5568     -0.5518     -0.5507     -0.5510
     -0.5520     -0.5535     -0.5554     -0.5579     -0.5610     -0.5648     -0.5693
     -0.5746     -0.8174     -0.7959     -0.7563     -0.7193     -0.7021     -0.6931
     -0.6865     -0.6802     -0.6739     -0.6689     -0.6644     -0.6602     -0.6559
     -0.6517     -0.6475     -0.6434     -0.6395     -0.6048     -0.5652     -0.5283
     -0.4940     -0.4625     -0.4343     -0.4152     -0.4281     -0.6320     -1.1221
     -1.2520     -1.2480     -1.2543     -1.2875     -1.3096     -1.3388     -1.4122
     -1.4559     -1.4517     -1.4386     -1.4283     -1.4370     -1.5435     -1.9107
     -2.5687     -3.2927     -3.8033     -3.9134     -3.7779     -3.5416     -3.2484
     -2.9208     -2.5788     -2.2372     -1.9053     -1.5895     -1.2968     -1.0369
     -0.8250     -0.6778     -0.5983     -0.5657     -0.5545     -0.5511     -0.5505
     -0.5510     -0.5520     -0.5535     -0.5555     -0.5580     -0.5611     -0.5648
     -0.5693     -0.5746     -0.8163     -0.7927     -0.7503     -0.7163     -0.7008
     -0.6923     -0.6858     -0.6794     -0.6733     -0.6685     -0.6641     -0.6600
     -0.6558     -0.6516     -0.6474     -0.6433     -0.6394     -0.6047     -0.5652
     -0.5282     -0.4940     -0.4626     -0.4348     -0.4176     -0.4468     -0.7375
     -1.1879     -1.2571     -1.2500     -1.2617     -1.2935     -1.3129     -1.3494
     -1.4279     -1.4605     -1.4524     -1.4387     -1.4293     -1.4455     -1.5851
     -2.0134     -2.7092     -3.4216     -3.8637     -3.9086     -3.7451     -3.4931
     -3.1881     -2.8526     -2.5060     -2.1624     -1.8301     -1.5158     -1.2270
     -0.9752     -0.7771     -0.6484     -0.5849     -0.5607     -0.5528     -0.5506
     -0.5504     -0.5509     -0.5520     -0.5536     -0.5555     -0.5580     -0.5611
     -0.5649     -0.5694     -0.5747     -0.8150     -0.7888     -0.7446     -0.7137
     -0.6995     -0.6915     -0.6851     -0.6785     -0.6727     -0.6681     -0.6639
     -0.6598     -0.6557     -0.6516     -0.6474     -0.6433     -0.6394     -0.6047
     -0.5651     -0.5281     -0.4940     -0.4627     -0.4353     -0.4212     -0.4755
     -0.8599     -1.2283     -1.2597     -1.2525     -1.2694     -1.2983     -1.3166
     -1.3625     -1.4421     -1.4639     -1.4529     -1.4389     -1.4308     -1.4572
     -1.6361     -2.1265     -2.8515     -3.5418     -3.9081     -3.8962     -3.7085
     -3.4417     -3.1258     -2.7830     -2.4325     -2.0872     -1.7551     -1.4428
     -1.1589     -0.9165     -0.7341     -0.6242     -0.5747     -0.5571     -0.5516
     -0.5502     -0.5503     -0.5509     -0.5521     -0.5536     -0.5556     -0.5581
     -0.5611     -0.5649     -0.5694     -0.5747     -0.8136     -0.7843     -0.7391
     -0.7114     -0.6983     -0.6906     -0.6843     -0.6776     -0.6721     -0.6678
     -0.6637     -0.6597     -0.6557     -0.6515     -0.6474     -0.6433     -0.6394
     -0.6047     -0.5650     -0.5280     -0.4940     -0.4629     -0.4361     -0.4265
     -0.5193     -0.9837     -1.2507     -1.2611     -1.2556     -1.2767     -1.3020
     -1.3209     -1.3778     -1.4542     -1.4663     -1.4533     -1.4392     -1.4329
     -1.4728     -1.6976     -2.2488     -2.9940     -3.6511     -3.9378     -3.8772
     -3.6685     -3.3878     -3.0615     -2.7122     -2.3584     -2.0119     -1.6803
     -1.3706     -1.0926     -0.8614     -0.6962     -0.6048     -0.5672     -0.5546
     -0.5508     -0.5500     -0.5502     -0.5509     -0.5521     -0.5536     -0.5556
     -0.5581     -0.5612     -0.5649     -0.5694     -0.5747     -0.8119     -0.7791
     -0.7342     -0.7092     -0.6971     -0.6898     -0.6834     -0.6768     -0.6716
     -0.6675     -0.6635     -0.6596     -0.6556     -0.6515     -0.6474     -0.6433
     -0.6394     -0.6047     -0.5649     -0.5279     -0.4940     -0.4630     -0.4372
     -0.4344     -0.5839     -1.0909     -1.2625     -1.2622     -1.2594     -1.2834
     -1.3051     -1.3264     -1.3950     -1.4641     -1.4681     -1.4535     -1.4395
     -1.4359     -1.4935     -1.7702     -2.3785     -3.1348     -3.7469     -3.9545
     -3.8528     -3.6253     -3.3313     -2.9954     -2.6403     -2.2837     -1.9365
     -1.6059     -1.2995     -1.0286     -0.8103     -0.6638     -0.5898     -0.5618
     -0.5528     -0.5502     -0.5498     -0.5501     -0.5509     -0.5521     -0.5536
     -0.5556     -0.5581     -0.5612     -0.5649     -0.5694     -0.5747     -0.8098
     -0.7733     -0.7296     -0.7072     -0.6959     -0.6889     -0.6825     -0.6760
     -0.6712     -0.6672     -0.6633     -0.6595     -0.6555     -0.6514     -0.6474
     -0.6433     -0.6394     -0.6046     -0.5648     -0.5279     -0.4940     -0.4633
     -0.4387     -0.4465     -0.6735     -1.1702     -1.2684     -1.2631     -1.2640
     -1.2891     -1.3077     -1.3336     -1.4132     -1.4719     -1.4693     -1.4537
     -1.4400     -1.4402     -1.5204     -1.8544     -2.5141     -3.2724     -3.8276
     -3.9599     -3.8238     -3.5791     -3.2725     -2.9277     -2.5676     -2.2087
     -1.8611     -1.5320     -1.2297     -0.9672     -0.7637     -0.6367     -0.5784
     -0.5578     -0.5515     -0.5498     -0.5497     -0.5501     -0.5509     -0.5521
     -0.5536     -0.5556     -0.5581     -0.5612     -0.5649     -0.5694     -0.5747
     -0.8073     -0.7671     -0.7256     -0.7053     -0.6947     -0.6880     -0.6816
     -0.6753     -0.6708     -0.6670     -0.6632     -0.6594     -0.6555     -0.6514
     -0.6473     -0.6433     -0.6394     -0.6046     -0.5647     -0.5278     -0.4940
     -0.4636     -0.4409     -0.4653     -0.7863     -1.2212     -1.2713     -1.2641
     -1.2691     -1.2938     -1.3102     -1.3429     -1.4314     -1.4778     -1.4702
     -1.4539     -1.4406     -1.4461     -1.5546     -1.9501     -2.6539     -3.4045
     -3.8922     -3.9559     -3.7906     -3.5301     -3.2116     -2.8586     -2.4941
     -2.1334     -1.7858     -1.4587     -1.1614     -0.9089     -0.7222     -0.6148
     -0.5698     -0.5550     -0.5507     -0.5496     -0.5496     -0.5501     -0.5509
     -0.5521     -0.5537     -0.5556     -0.5581     -0.5612     -0.5649     -0.5694
     -0.5747     -0.8042     -0.7607     -0.7219     -0.7036     -0.6936     -0.6870
     -0.6807     -0.6746     -0.6704     -0.6668     -0.6630     -0.6593     -0.6554
     -0.6514     -0.6473     -0.6433     -0.6394     -0.6045     -0.5646     -0.5278
     -0.4941     -0.4641     -0.4440     -0.4947     -0.9117     -1.2506     -1.2727
     -1.2655     -1.2746     -1.2975     -1.3129     -1.3548     -1.4486     -1.4822
     -1.4708     -1.4540     -1.4415     -1.4542     -1.5973     -2.0569     -2.7961
     -3.5291     -3.9408     -3.9440     -3.7538     -3.4785     -3.1485     -2.7882
     -2.4200     -2.0579     -1.7108     -1.3863     -1.0950     -0.8542     -0.6859
     -0.5974     -0.5636     -0.5530     -0.5500     -0.5494     -0.5495     -0.5501
     -0.5509     -0.5521     -0.5537     -0.5556     -0.5581     -0.5612     -0.5649
     -0.5694     -0.5747     -0.8004     -0.7542     -0.7186     -0.7018     -0.6924
     -0.6861     -0.6798     -0.6741     -0.6701     -0.6666     -0.6629     -0.6592
     -0.6554     -0.6514     -0.6473     -0.6433     -0.6394     -0.6045     -0.5645
     -0.5277     -0.4942     -0.4647     -0.4486     -0.5399     -1.0318     -1.2663
     -1.2735     -1.2673     -1.2800     -1.3005     -1.3161     -1.3693     -1.4638
     -1.4854     -1.4712     -1.4542     -1.4428     -1.4654     -1.6495     -2.1736
     -2.9392     -3.6436     -3.9744     -3.9255     -3.7138     -3.4244     -3.0836
     -2.7168     -2.3453     -1.9823     -1.6361     -1.3148     -1.0308     -0.8037
     -0.6551     -0.5841     -0.5591     -0.5516     -0.5496     -0.5492     -0.5495
     -0.5501     -0.5509     -0.5521     -0.5537     -0.5556     -0.5581     -0.5612
     -0.5649     -0.5694     -0.5747     -0.7958     -0.7479     -0.7156     -0.7002
     -0.6914     -0.6853     -0.6789     -0.6736     -0.6699     -0.6664     -0.6628
     -0.6592     -0.6554     -0.6514     -0.6473     -0.6433     -0.6394     -0.6044
     -0.5644     -0.5277     -0.4943     -0.4655     -0.4557     -0.6068     -1.1296
     -1.2742     -1.2740     -1.2695     -1.2850     -1.3028     -1.3203     -1.3864
     -1.4767     -1.4877     -1.4715     -1.4544     -1.4446     -1.4805     -1.7123
     -2.2988     -3.0817     -3.7456     -3.9944     -3.9016     -3.6708     -3.3679
     -3.0170     -2.6443     -2.2702     -1.9067     -1.5618     -1.2446     -0.9693
     -0.7578     -0.6296     -0.5741     -0.5559     -0.5507     -0.5493     -0.5491
     -0.5495     -0.5501     -0.5509     -0.5521     -0.5537     -0.5556     -0.5581
     -0.5612     -0.5649     -0.5694     -0.5747     -0.7905     -0.7419     -0.7128
     -0.6986     -0.6903     -0.6844     -0.6781     -0.6732     -0.6696     -0.6663
     -0.6628     -0.6591     -0.6554     -0.6513     -0.6473     -0.6433     -0.6394
     -0.6043     -0.5643     -0.5277     -0.4945     -0.4667     -0.4667     -0.6994
     -1.1979     -1.2780     -1.2744     -1.2723     -1.2895     -1.3048     -1.3258
     -1.4056     -1.4871     -1.4893     -1.4717     -1.4546     -1.4472     -1.5004
     -1.7863     -2.4311     -3.2219     -3.8331     -4.0027     -3.8730     -3.6250
     -3.3090     -2.9488     -2.5711     -2.1948     -1.8312     -1.4882     -1.1759
     -0.9109     -0.7169     -0.6091     -0.5667     -0.5536     -0.5500     -0.5491
     -0.5491     -0.5494     -0.5501     -0.5509     -0.5521     -0.5537     -0.5556
     -0.5581     -0.5612     -0.5649     -0.5694     -0.5747     -0.7844     -0.7363
     -0.7103     -0.6972     -0.6893     -0.6835     -0.6774     -0.6728     -0.6694
     -0.6662     -0.6627     -0.6591     -0.6553     -0.6513     -0.6473     -0.6433
     -0.6394     -0.6042     -0.5643     -0.5277     -0.4947     -0.4684     -0.4840
     -0.8147     -1.2397     -1.2799     -1.2749     -1.2756     -1.2932     -1.3066
     -1.3331     -1.4258     -1.4952     -1.4905     -1.4719     -1.4550     -1.4509
     -1.5263     -1.8718     -2.5686     -3.3579     -3.9049     -4.0012     -3.8404
     -3.5766     -3.2480     -2.8793     -2.4971     -2.1192     -1.7559     -1.4153
     -1.1091     -0.8561     -0.6814     -0.5930     -0.5613     -0.5520     -0.5495
     -0.5489     -0.5490     -0.5494     -0.5501     -0.5509     -0.5521     -0.5537
     -0.5556     -0.5581     -0.5612     -0.5649     -0.5694     -0.5747     -0.7777
     -0.7313     -0.7080     -0.6958     -0.6884     -0.6827     -0.6768     -0.6725
     -0.6693     -0.6661     -0.6626     -0.6591     -0.6553     -0.6513     -0.6473
     -0.6433     -0.6393     -0.6041     -0.5642     -0.5277     -0.4950     -0.4710
     -0.5113     -0.9402     -1.2630     -1.2807     -1.2756     -1.2793     -1.2963
     -1.3085     -1.3427     -1.4460     -1.5013     -1.4913     -1.4720     -1.4555
     -1.4560     -1.5594     -1.9690     -2.7097     -3.4876     -3.9606     -3.9913
     -3.8044     -3.5257     -3.1849     -2.8085     -2.4226     -2.0435     -1.6808
     -1.3434     -1.0443     -0.8054     -0.6513     -0.5808     -0.5575     -0.5509
     -0.5492     -0.5488     -0.5490     -0.5494     -0.5500     -0.5509     -0.5521
     -0.5537     -0.5556     -0.5581     -0.5612     -0.5649     -0.5694     -0.5747
     -0.7705     -0.7268     -0.7058     -0.6946     -0.6876     -0.6819     -0.6763
     -0.6723     -0.6691     -0.6660     -0.6626     -0.6590     -0.6553     -0.6513
     -0.6473     -0.6433     -0.6393     -0.6040     -0.5641     -0.5278     -0.4955
     -0.4747     -0.5539     -1.0570     -1.2751     -1.2811     -1.2765     -1.2831
     -1.2986     -1.3107     -1.3551     -1.4650     -1.5058     -1.4918     -1.4721
     -1.4562     -1.4632     -1.6008     -2.0770     -2.8528     -3.6088     -4.0008
     -3.9746     -3.7654     -3.4723     -3.1200     -2.7366     -2.3476     -1.9677
     -1.6062     -1.2726     -0.9822     -0.7593     -0.6265     -0.5716     -0.5547
     -0.5501     -0.5489     -0.5488     -0.5490     -0.5494     -0.5500     -0.5509
     -0.5521     -0.5537     -0.5556     -0.5581     -0.5612     -0.5649     -0.5694
     -0.5747
