    1.4128
     -3.2068     -3.1983     -3.1906     -3.1817     -3.1625     -3.1258     -3.0997
     -3.0877     -3.0829     -3.0870     -3.1075     -3.1536     -3.2067     -3.2364
     -3.2516     -3.2704     -3.2925     -3.2272     -3.1365     -3.0419     -2.9457
     -2.8489     -2.7511     -2.6521     -2.5521     -2.4519     -2.3529     -2.2560
     -2.1622     -2.0722     -1.9864     -1.9049     -1.8275     -1.7536     -1.6829
     -1.6148     -1.5483     -1.4817     -1.4143     -1.3480     -1.2891     -1.2471
     -1.2327     -1.2549     -1.3129     -1.3819     -1.4158     -1.3808     -1.2831
     -1.1608     -1.0441     -0.9464     -0.8732     -0.8251     -0.7970     -0.7769
     -0.7424     -0.6684     -0.5490     -0.3977     -0.2286     -0.0504      0.1328
      0.3193      0.5089      0.7016      0.8975      1.0966      1.2984      1.5019
      1.7058     -3.2996     -3.2868     -3.2745     -3.2591     -3.2289     -3.1915
     -3.1701     -3.1571     -3.1514     -3.1567     -3.1851     -3.2355     -3.2771
     -3.2931     -3.3043     -3.3216     -3.3407     -3.2711     -3.1754     -3.0765
     -2.9765     -2.8758     -2.7739     -2.6707     -2.5665     -2.4624     -2.3602
     -2.2609     -2.1654     -2.0743     -1.9878     -1.9059     -1.8283     -1.7544
     -1.6839     -1.6162     -1.5504     -1.4853     -1.4207     -1.3599     -1.3111
     -1.2853     -1.2944     -1.3457     -1.4304     -1.5113     -1.5388     -1.4883
     -1.3796     -1.2552     -1.1417     -1.0502     -0.9847     -0.9446     -0.9224
     -0.9033     -0.8611     -0.7731     -0.6405     -0.4798     -0.3040     -0.1206
      0.0672      0.2583      0.4526      0.6503      0.8514      1.0559      1.2630
      1.4716      1.6799     -3.3961     -3.3791     -3.3620     -3.3389     -3.3008
     -3.2677     -3.2472     -3.2326     -3.2257     -3.2350     -3.2712     -3.3176
     -3.3428     -3.3492     -3.3581     -3.3730     -3.3884     -3.3143     -3.2136
     -3.1104     -3.0063     -2.9015     -2.7953     -2.6875     -2.5789     -2.4710
     -2.3658     -2.2646     -2.1678     -2.0758     -1.9888     -1.9066     -1.8289
     -1.7550     -1.6848     -1.6177     -1.5528     -1.4894     -1.4283     -1.3744
     -1.3380     -1.3321     -1.3692     -1.4521     -1.5607     -1.6462     -1.6612
     -1.5932     -1.4754     -1.3507     -1.2414     -1.1568     -1.0995     -1.0671
     -1.0500     -1.0296     -0.9769     -0.8738     -0.7289     -0.5596     -0.3777
     -0.1893      0.0031      0.1988      0.3979      0.6007      0.8072      1.0172
      1.2297      1.4431      1.6556     -3.4953     -3.4744     -3.4524     -3.4212
     -3.3809     -3.3515     -3.3295     -3.3129     -3.3063     -3.3226     -3.3620
     -3.3965     -3.4061     -3.4067     -3.4134     -3.4246     -3.4362     -3.3569
     -3.2513     -3.1437     -3.0353     -2.9262     -2.8153     -2.7025     -2.5893
     -2.4778     -2.3701     -2.2673     -2.1694     -2.0768     -1.9895     -1.9071
     -1.8294     -1.7557     -1.6857     -1.6192     -1.5553     -1.4941     -1.4375
     -1.3922     -1.3714     -1.3900     -1.4592     -1.5742     -1.7013     -1.7836
     -1.7809     -1.6953     -1.5707     -1.4472     -1.3433     -1.2662     -1.2175
     -1.1925     -1.1792     -1.1548     -1.0888     -0.9706     -0.8143     -0.6372
     -0.4497     -0.2565     -0.0596      0.1407      0.3448      0.5529      0.7650
      0.9806      1.1984      1.4165      1.6327     -3.5963     -3.5717     -3.5445
     -3.5068     -3.4683     -3.4397     -3.4157     -3.3975     -3.3945     -3.4179
     -3.4531     -3.4716     -3.4693     -3.4660     -3.4695     -3.4767     -3.4839
     -3.3991     -3.2886     -3.1766     -3.0640     -2.9501     -2.8339     -2.7157
     -2.5978     -2.4831     -2.3734     -2.2693     -2.1706     -2.0776     -1.9900
     -1.9076     -1.8298     -1.7563     -1.6867     -1.6208     -1.5582     -1.4997
     -1.4487     -1.4145     -1.4131     -1.4611     -1.5658     -1.7112     -1.8493
     -1.9207     -1.8965     -1.7948     -1.6658     -1.5451     -1.4474     -1.3785
     -1.3385     -1.3204     -1.3093     -1.2776     -1.1965     -1.0636     -0.8970
     -0.7130     -0.5202     -0.3224     -0.1209      0.0842      0.2935      0.5071
      0.7249      0.9461      1.1691      1.3916      1.6111     -3.6985     -3.6704
     -3.6378     -3.5967     -3.5607     -3.5309     -3.5049     -3.4871     -3.4908
     -3.5172     -3.5414     -3.5442     -3.5336     -3.5268     -3.5264     -3.5292
     -3.5313     -3.4411     -3.3260     -3.2097     -3.0927     -2.9734     -2.8510
     -2.7269     -2.6046     -2.4870     -2.3757     -2.2706     -2.1715     -2.0781
     -1.9904     -1.9079     -1.8302     -1.7569     -1.6878     -1.6226     -1.5616
     -1.5065     -1.4627     -1.4425     -1.4655     -1.5480     -1.6898     -1.8609
     -2.0011     -2.0548     -2.0074     -1.8920     -1.7612     -1.6445     -1.5539
     -1.4938     -1.4623     -1.4505     -1.4392     -1.3971     -1.2997     -1.1531
     -0.9773     -0.7870     -0.5892     -0.3869     -0.1808      0.0293      0.2440
      0.4633      0.6869      0.9137      1.1416      1.3682      1.5904     -3.8015
     -3.7701     -3.7327     -3.6913     -3.6560     -3.6245     -3.5973     -3.5830
     -3.5935     -3.6164     -3.6259     -3.6159     -3.5992     -3.5887     -3.5840
     -3.5819     -3.5786     -3.4834     -3.3642     -3.2439     -3.1218     -2.9960
     -2.8663     -2.7361     -2.6098     -2.4900     -2.3774     -2.2716     -2.1721
     -2.0785     -1.9907     -1.9082     -1.8306     -1.7576     -1.6889     -1.6247
     -1.5657     -1.5149     -1.4805     -1.4783     -1.5311     -1.6524     -1.8305
     -2.0203     -2.1533     -2.1840     -2.1134     -1.9877     -1.8570     -1.7455
     -1.6628     -1.6119     -1.5889     -1.5821     -1.5678     -1.5124     -1.3984
     -1.2394     -1.0554     -0.8593     -0.6568     -0.4499     -0.2391     -0.0239
      0.1964      0.4216      0.6511      0.8833      1.1160      1.3460      1.5703
     -3.9058     -3.8710     -3.8302     -3.7899     -3.7540     -3.7210     -3.6941
     -3.6860     -3.6998     -3.7128     -3.7077     -3.6879     -3.6663     -3.6518
     -3.6426     -3.6350     -3.6266     -3.5272     -3.4043     -3.2798     -3.1514
     -3.0173     -2.8796     -2.7435     -2.6138     -2.4921     -2.3786     -2.2723
     -2.1725     -2.0788     -1.9909     -1.9085     -1.8311     -1.7583     -1.6901
     -1.6271     -1.5706     -1.5255     -1.5032     -1.5239     -1.6125     -1.7754
     -1.9862     -2.1855     -2.3029     -2.3070     -2.2150     -2.0823     -1.9537
     -1.8485     -1.7743     -1.7327     -1.7178     -1.7145     -1.6940     -1.6228
     -1.4928     -1.3227     -1.1315     -0.9301     -0.7230     -0.5116     -0.2959
     -0.0752      0.1508      0.3821      0.6174      0.8550      1.0919      1.3249
      1.5505     -4.0118     -3.9739     -3.9316     -3.8919     -3.8548     -3.8209
     -3.7969     -3.7952     -3.8062     -3.8058     -3.7886     -3.7613     -3.7354
     -3.7168     -3.7027     -3.6896     -3.6764     -3.5735     -3.4473     -3.3176
     -3.1809     -3.0369     -2.8907     -2.7493     -2.6167     -2.4937     -2.3794
     -2.2728     -2.1728     -2.0790     -1.9911     -1.9088     -1.8315     -1.7590
     -1.6916     -1.6300     -1.5768     -1.5392     -1.5326     -1.5822     -1.7121
     -1.9168     -2.1541     -2.3526     -2.4474     -2.4231     -2.3129     -2.1763
     -2.0515     -1.9535     -1.8884     -1.8563     -1.8488     -1.8467     -1.8166
     -1.7282     -1.5833     -1.4034     -1.2057     -0.9994     -0.7878     -0.5717
     -0.3509     -0.1246      0.1075      0.3448      0.5860      0.8285      1.0692
      1.3044      1.5305     -4.1198     -4.0792     -4.0369     -3.9969     -3.9589
     -3.9252     -3.9065     -3.9083     -3.9106     -3.8969     -3.8703     -3.8371
     -3.8074     -3.7847     -3.7654     -3.7470     -3.7294     -3.6238     -3.4939
     -3.3568     -3.2092     -3.0541     -2.8997     -2.7537     -2.6188     -2.4948
     -2.3800     -2.2731     -2.1730     -2.0791     -1.9913     -1.9090     -1.8320
     -1.7599     -1.6933     -1.6336     -1.5847     -1.5568     -1.5710     -1.6560
     -1.8311     -2.0752     -2.3304     -2.5179     -2.5851     -2.5325     -2.4080
     -2.2703     -2.1506     -2.0605     -2.0049     -1.9823     -1.9813     -1.9776
     -1.9346     -1.8286     -1.6701     -1.4816     -1.2782     -1.0672     -0.8511
     -0.6302     -0.4040     -0.1718      0.0665      0.3100      0.5567      0.8038
      1.0476      1.2842      1.5098     -4.2295     -4.1873     -4.1452     -4.1046
     -4.0661     -4.0348     -4.0221     -4.0224     -4.0127     -3.9883     -3.9543
     -3.9164     -3.8834     -3.8565     -3.8320     -3.8089     -3.7872     -3.6789
     -3.5436     -3.3963     -3.2354     -3.0685     -2.9068     -2.7570     -2.6204
     -2.4955     -2.3804     -2.2733     -2.1731     -2.0793     -1.9915     -1.9093
     -1.8325     -1.7609     -1.6954     -1.6380     -1.5948     -1.5801     -1.6209
     -1.7480     -1.9699     -2.2480     -2.5107     -2.6787     -2.7146     -2.6357
     -2.5011     -2.3646     -2.2511     -2.1696     -2.1239     -2.1106     -2.1144
     -2.1060     -2.0473     -1.9240     -1.7536     -1.5576     -1.3489     -1.1334
     -0.9128     -0.6869     -0.4550     -0.2167      0.0279      0.2775      0.5295
      0.7806      1.0267      1.2639      1.4880     -4.3400     -4.2971     -4.2551
     -4.2140     -4.1759     -4.1495     -4.1417     -4.1354     -4.1139     -4.0814
     -4.0418     -4.0001     -3.9639     -3.9327     -3.9037     -3.8763     -3.8506
     -3.7389     -3.5954     -3.4343     -3.2583     -3.0802     -2.9121     -2.7593
     -2.6215     -2.4961     -2.3807     -2.2735     -2.1732     -2.0794     -1.9917
     -1.9097     -1.8331     -1.7622     -1.6979     -1.6437     -1.6082     -1.6109
     -1.6856     -1.8600     -2.1275     -2.4319     -2.6910     -2.8326     -2.8355
     -2.7337     -2.5928     -2.4595     -2.3530     -2.2807     -2.2453     -2.2408
     -2.2473     -2.2306     -2.1544     -2.0149     -1.8340     -1.6315     -1.4179
     -1.1980     -0.9726     -0.7415     -0.5037     -0.2591     -0.0081      0.2473
      0.5042      0.7586      1.0063      1.2429      1.4645     -4.4497     -4.4067
     -4.3644     -4.3232     -4.2876     -4.2684     -4.2622     -4.2463     -4.2156
     -4.1771     -4.1327     -4.0879     -4.0488     -4.0137     -3.9807     -3.9495
     -3.9199     -3.8028     -3.6471     -3.4690     -3.2775     -3.0893     -2.9160
     -2.7610     -2.6223     -2.4965     -2.3809     -2.2736     -2.1733     -2.0796
     -1.9919     -1.9100     -1.8338     -1.7636     -1.7011     -1.6511     -1.6259
     -1.6519     -1.7678     -1.9927     -2.3017     -2.6225     -2.8678     -2.9780
     -2.9478     -2.8275     -2.6837     -2.5550     -2.4563     -2.3938     -2.3688
     -2.3722     -2.3788     -2.3503     -2.2558     -2.1015     -1.9115     -1.7031
     -1.4850     -1.2606     -1.0304     -0.7937     -0.5498     -0.2988     -0.0415
      0.2195      0.4806      0.7376      0.9859      1.2209      1.4385     -4.5560
     -4.5131     -4.4707     -4.4304     -4.4005     -4.3897     -4.3809     -4.3552
     -4.3179     -4.2747     -4.2260     -4.1786     -4.1368     -4.0983     -4.0619
     -4.0273     -3.9942     -3.8686     -3.6963     -3.4993     -3.2930     -3.0962
     -2.9189     -2.7623     -2.6228     -2.4967     -2.3810     -2.2737     -2.1734
     -2.0797     -1.9921     -1.9104     -1.8347     -1.7654     -1.7052     -1.6609
     -1.6496     -1.7060     -1.8701     -2.1456     -2.4893     -2.8154     -3.0385
     -3.1137     -3.0522     -2.9180     -2.7740     -2.6512     -2.5609     -2.5087
     -2.4943     -2.5040     -2.5076     -2.4643     -2.3514     -2.1840     -1.9862
     -1.7725     -1.5500     -1.3211     -1.0858     -0.8433     -0.5931     -0.3355
     -0.0722      0.1938      0.4585      0.7172      0.9649      1.1971      1.4094
     -4.6563     -4.6135     -4.5713     -4.5340     -4.5140     -4.5104     -4.4954
     -4.4615     -4.4196     -4.3721     -4.3194     -4.2698     -4.2255     -4.1843
     -4.1451     -4.1076     -4.0712     -3.9333     -3.7409     -3.5244     -3.3049
     -3.1013     -2.9210     -2.7631     -2.6232     -2.4969     -2.3811     -2.2737
     -2.1735     -2.0798     -1.9923     -1.9109     -1.8357     -1.7677     -1.7105
     -1.6739     -1.6816     -1.7766     -1.9936     -2.3171     -2.6862     -3.0067
     -3.2011     -3.2391     -3.1494     -3.0058     -2.8640     -2.7478     -2.6667
     -2.6253     -2.6212     -2.6352     -2.6323     -2.5719     -2.4414     -2.2626
     -2.0579     -1.8394     -1.6126     -1.3791     -1.1384     -0.8899     -0.6333
     -0.3693     -0.1003      0.1702      0.4376      0.6969      0.9430      1.1710
      1.3763     -4.7479     -4.7051     -4.6641     -4.6335     -4.6274     -4.6270
     -4.6038     -4.5639     -4.5182     -4.4663     -4.4100     -4.3584     -4.3120
     -4.2687     -4.2272     -4.1871     -4.1481     -3.9940     -3.7792     -3.5444
     -3.3140     -3.1050     -2.9225     -2.7638     -2.6235     -2.4971     -2.3812
     -2.2738     -2.1736     -2.0800     -1.9926     -1.9115     -1.8369     -1.7705
     -1.7174     -1.6914     -1.7248     -1.8665     -2.1383     -2.5042     -2.8881
     -3.1933     -3.3541     -3.3538     -3.2404     -3.0914     -2.9535     -2.8448
     -2.7733     -2.7434     -2.7487     -2.7645     -2.7518     -2.6727     -2.5258
     -2.3371     -2.1264     -1.9035     -1.6724     -1.4340     -1.1878     -0.9331
     -0.6700     -0.3999     -0.1257      0.1485      0.4176      0.6764      0.9195
      1.1418      1.3384     -4.8285     -4.7861     -4.7481     -4.7301     -4.7386
     -4.7358     -4.7041     -4.6599     -4.6108     -4.5540     -4.4944     -4.4412
     -4.3932     -4.3482     -4.3049     -4.2627     -4.2215     -4.0483     -3.8107
     -3.5598     -3.3206     -3.1076     -2.9236     -2.7642     -2.6237     -2.4972
     -2.3813     -2.2739     -2.1737     -2.0801     -1.9929     -1.9122     -1.8384
     -1.7741     -1.7265     -1.7152     -1.7825     -1.9778     -2.3029     -2.7034
     -3.0908     -3.3728     -3.4957     -3.4578     -3.3261     -3.1751     -3.0423
     -2.9417     -2.8806     -2.8625     -2.8758     -2.8904     -2.8646     -2.7663
     -2.6048     -2.4074     -2.1914     -1.9643     -1.7288     -1.4854     -1.2335
     -0.9725     -0.7031     -0.4273     -0.1486      0.1284      0.3982      0.6552
      0.8938      1.1087      1.2946     -4.8970     -4.8557     -4.8244     -4.8252
     -4.8442     -4.8335     -4.7945     -4.7470     -4.6941     -4.6321     -4.5698
     -4.5154     -4.4663     -4.4199     -4.3752     -4.3313     -4.2885     -4.0946
     -3.8357     -3.5714     -3.3255     -3.1096     -2.9243     -2.7645     -2.6239
     -2.4973     -2.3813     -2.2739     -2.1738     -2.0803     -1.9933     -1.9130
     -1.8404     -1.7789     -1.7389     -1.7478     -1.8581     -2.1109     -2.4852
     -2.9101     -3.2907     -3.5432     -3.6242     -3.5517     -3.4069     -3.2567
     -3.1302     -3.0381     -2.9883     -2.9818     -3.0011     -3.0114     -2.9698
     -2.8524     -2.6780     -2.4732     -2.2524     -2.0211     -1.7812     -1.5326
     -1.2748     -1.0076     -0.7322     -0.4513     -0.1690      0.1097      0.3789
      0.6327      0.8652      1.0708      1.2441     -4.9534     -4.9145     -4.8960
     -4.9188     -4.9398     -4.9179     -4.8732     -4.8229     -4.7657     -4.6985
     -4.6342     -4.5791     -4.5292     -4.4819     -4.4360     -4.3909     -4.3468
     -4.1325     -3.8548     -3.5799     -3.3289     -3.1109     -2.9249     -2.7648
     -2.6240     -2.4973     -2.3813     -2.2740     -2.1739     -2.0805     -1.9938
     -1.9140     -1.8428     -1.7851     -1.7557     -1.7923     -1.9545     -2.2651
     -2.6818     -3.1203     -3.4850     -3.7018     -3.7382     -3.6360     -3.4832
     -3.3360     -3.2165     -3.1336     -3.0958     -3.1004     -3.1231     -3.1258
     -3.0662     -2.9309     -2.7451     -2.5339     -2.3086     -2.0732     -1.8287
     -1.5748     -1.3111     -1.0380     -0.7572     -0.4720     -0.1871      0.0921
      0.3593      0.6084      0.8330      1.0272      1.1858     -4.9986     -4.9651
     -4.9669     -5.0083     -5.0213     -4.9881     -4.9392     -4.8863     -4.8241
     -4.7522     -4.6870     -4.6317     -4.5812     -4.5333     -4.4865     -4.4404
     -4.3955     -4.1623     -3.8691     -3.5861     -3.3314     -3.1119     -2.9252
     -2.7650     -2.6241     -2.4974     -2.3814     -2.2740     -2.1740     -2.0808
     -1.9943     -1.9153     -1.8460     -1.7935     -1.7789     -1.8521     -2.0730
     -2.4385     -2.8889     -3.3299     -3.6709     -3.8453     -3.8370     -3.7116
     -3.5550     -3.4125     -3.3006     -3.2278     -3.2026     -3.2167     -3.2399
     -3.2320     -3.1531     -3.0013     -2.8057     -2.5887     -2.3592     -2.1197
     -1.8705     -1.6112     -1.3419     -1.0633     -0.7778     -0.4894     -0.2031
      0.0752      0.3390      0.5815      0.7963      0.9770      1.1189     -5.0346
     -5.0115     -5.0395     -5.0891     -5.0868     -5.0443     -4.9926     -4.9368
     -4.8691     -4.7937     -4.7286     -4.6733     -4.6227     -4.5743     -4.5269
     -4.4801     -4.4346     -4.1851     -3.8796     -3.5905     -3.3331     -3.1126
     -2.9255     -2.7651     -2.6242     -2.4974     -2.3814     -2.2741     -2.1741
     -2.0810     -1.9950     -1.9169     -1.8501     -1.8048     -1.8109     -1.9311
     -2.2138     -2.6283     -3.1022     -3.5355     -3.8450     -3.9708     -3.9208
     -3.7789     -3.6221     -3.4857     -3.3819     -3.3200     -3.3076     -3.3290
     -3.3498     -3.3281     -3.2296     -3.0630     -2.8590     -2.6369     -2.4033
     -2.1595     -1.9055     -1.6411     -1.3664     -1.0831     -0.7939     -0.5035
     -0.2171      0.0588      0.3174      0.5516      0.7543      0.9194      1.0427
     -5.0643     -5.0589     -5.1129     -5.1567     -5.1367     -5.0878     -5.0340
     -4.9751     -4.9019     -4.8245     -4.7602     -4.7053     -4.6546     -4.6060
     -4.5580     -4.5108     -4.4649     -4.2021     -3.8871     -3.5936     -3.3344
     -3.1130     -2.9258     -2.7652     -2.6243     -2.4975     -2.3814     -2.2742
     -2.1743     -2.0814     -1.9958     -1.9190     -1.8556     -1.8204     -1.8551
     -2.0318     -2.3752     -2.8312     -3.3174     -3.7339     -4.0028     -4.0763
     -3.9906     -3.8385     -3.6842     -3.5549     -3.4598     -3.4098     -3.4095
     -3.4357     -3.4509     -3.4129     -3.2951     -3.1155     -2.9042     -2.6774
     -2.4397     -2.1917     -1.9330     -1.6636     -1.3843     -1.0971     -0.8055
     -0.5143     -0.2294      0.0424      0.2940      0.5177      0.7062      0.8535
      0.9571     -5.0912     -5.1114     -5.1826     -5.2085     -5.1734     -5.1204
     -5.0650     -5.0025     -4.9242     -4.8464     -4.7835     -4.7291     -4.6785
     -4.6297     -4.5814     -4.5340     -4.4879     -4.2146     -3.8925     -3.5958
     -3.3353     -3.1134     -2.9259     -2.7653     -2.6243     -2.4975     -2.3815
     -2.2742     -2.1744     -2.0818     -1.9969     -1.9216     -1.8629     -1.8420
     -1.9151     -2.1557     -2.5550     -3.0432     -3.5307     -3.9210     -4.1401
     -4.1615     -4.0481     -3.8909     -3.7412     -3.6196     -3.5338     -3.4965
     -3.5069     -3.5348     -3.5413     -3.4850     -3.3489     -3.1580     -2.9404
     -2.7092     -2.4675     -2.2152     -1.9520     -1.6782     -1.3950     -1.1051
     -0.8125     -0.5221     -0.2403      0.0258      0.2684      0.4794      0.6513
      0.7791      0.8624     -5.1199     -5.1699     -5.2431     -5.2453     -5.1994
     -5.1440     -5.0872     -5.0207     -4.9382     -4.8616     -4.8002     -4.7464
     -4.6960     -4.6471     -4.5985     -4.5510     -4.5049     -4.2235     -3.8964
     -3.5974     -3.3359     -3.1137     -2.9261     -2.7654     -2.6244     -2.4975
     -2.3815     -2.2743     -2.1747     -2.0824     -1.9982     -1.9251     -1.8729
     -1.8722     -1.9950     -2.3020     -2.7500     -3.2601     -3.7383     -4.0918
     -4.2539     -4.2277     -4.0949     -3.9365     -3.7929     -3.6792     -3.6036
     -3.5794     -3.5982     -3.6247     -3.6196     -3.5437     -3.3909     -3.1901
     -2.9668     -2.7313     -2.4857     -2.2293     -1.9619     -1.6845     -1.3986
     -1.1073     -0.8149     -0.5270     -0.2500      0.0084      0.2399      0.4359
      0.5891      0.6961      0.7596     -5.1550     -5.2315     -5.2903     -5.2699
     -5.2173     -5.1608     -5.1025     -5.0315     -4.9461     -4.8717     -4.8119
     -4.7587     -4.7086     -4.6595     -4.6108     -4.5634     -4.5172     -4.2300
     -3.8991     -3.5985     -3.3363     -3.1139     -2.9262     -2.7655     -2.6244
     -2.4975     -2.3815     -2.2744     -2.1749     -2.0830     -1.9999     -1.9297
     -1.8866     -1.9141     -2.0976     -2.4688     -2.9567     -3.4779     -3.9359
     -4.2411     -4.3434     -4.2776     -4.1324     -3.9757     -3.8392     -3.7337
     -3.6691     -3.6575     -3.6820     -3.7041     -3.6846     -3.5887     -3.4206
     -3.2113     -2.9828     -2.7432     -2.4936     -2.2333     -1.9625     -1.6823
     -1.3949     -1.1036     -0.8131     -0.5292     -0.2588     -0.0100      0.2080
      0.3866      0.5194      0.6053      0.6502     -5.1993     -5.2903     -5.3231
     -5.2856     -5.2294     -5.1722     -5.1121     -5.0364     -4.9498     -4.8782
     -4.8199     -4.7674     -4.7174     -4.6683     -4.6196     -4.5723     -4.5261
     -4.2345     -3.9010     -3.5993     -3.3367     -3.1141     -2.9264     -2.7656
     -2.6245     -2.4975     -2.3816     -2.2746     -2.1753     -2.0838     -2.0020
     -1.9358     -1.9058     -1.9719     -2.2242     -2.6531     -3.1714     -3.6923
     -4.1181     -4.3652     -4.4101     -4.3140     -4.1620     -4.0090     -3.8800
     -3.7828     -3.7302     -3.7300     -3.7571     -3.7719     -3.7357     -3.6200
     -3.4383     -3.2214     -2.9880     -2.7443     -2.4909     -2.2272     -1.9537
     -1.6719     -1.3842     -1.0944     -0.8073     -0.5290     -0.2670     -0.0300
      0.1723      0.3314      0.4425      0.5078      0.5363     -5.2521     -5.3401
     -5.3438     -5.2954     -5.2373     -5.1796     -5.1174     -5.0370     -4.9508
     -4.8821     -4.8252     -4.7733     -4.7236     -4.6743     -4.6257     -4.5786
     -4.5324     -4.2377     -3.9024     -3.5999     -3.3370     -3.1143     -2.9265
     -2.7657     -2.6245     -2.4975     -2.3816     -2.2747     -2.1757     -2.0849
     -2.0048     -1.9441     -1.9327     -2.0498     -2.3739     -2.8516     -3.3901
     -3.8986     -4.2795     -4.4624     -4.4573     -4.3395     -4.1846     -4.0367
     -3.9154     -3.8269     -3.7867     -3.7959     -3.8225     -3.8276     -3.7728
     -3.6381     -3.4443     -3.2205     -2.9824     -2.7347     -2.4778     -2.2113
     -1.9360     -1.6536     -1.3670     -1.0800     -0.7977     -0.5267     -0.2749
     -0.0519      0.1325      0.2703      0.3595      0.4058      0.4206     -5.3091
     -5.3771     -5.3559     -5.3011     -5.2421     -5.1841     -5.1191     -5.0346
     -4.9502     -4.8844     -4.8287     -4.7774     -4.7277     -4.6784     -4.6300
     -4.5830     -4.5369     -4.2400     -3.9033     -3.6003     -3.3372     -3.1144
     -2.9266     -2.7658     -2.6245     -2.4975     -2.3817     -2.2749     -2.1762
     -2.0862     -2.0084     -1.9557     -1.9706     -2.1511     -2.5441     -3.0608
     -3.6085     -4.0915     -4.4156     -4.5342     -4.4885     -4.3561     -4.2009
     -4.0592     -3.9453     -3.8663     -3.8385     -3.8546     -3.8780     -3.8709
     -3.7964     -3.6438     -3.4392     -3.2090     -2.9663     -2.7149     -2.4548
     -2.1862     -1.9099     -1.6281     -1.3437     -1.0608     -0.7848     -0.5226
     -0.2830     -0.0760      0.0883      0.2039      0.2719      0.3016      0.3055
     -5.3637     -5.4012     -5.3624     -5.3041     -5.2449     -5.1864     -5.1181
     -5.0302     -4.9487     -4.8855     -4.8309     -4.7800     -4.7305     -4.6812
     -4.6330     -4.5861     -4.5400     -4.2416     -3.9040     -3.6006     -3.3374
     -3.1146     -2.9267     -2.7658     -2.6245     -2.4975     -2.3818     -2.2751
     -2.1768     -2.0878     -2.0133     -1.9717     -2.0236     -2.2774     -2.7314
     -3.2770     -3.8220     -4.2650     -4.5241     -4.5838     -4.5072     -4.3652
     -4.2118     -4.0767     -3.9702     -3.9015     -3.8854     -3.9056     -3.9235
     -3.9020     -3.8072     -3.6382     -3.4239     -3.1878     -2.9407     -2.6857
     -2.4229     -2.1527     -1.8764     -1.5962     -1.3152     -1.0375     -0.7690
     -0.5172     -0.2916     -0.1027      0.0401      0.1332      0.1818      0.1978
      0.1936     -5.4096     -5.4150     -5.3655     -5.3054     -5.2462     -5.1870
     -5.1148     -5.0248     -4.9468     -4.8858     -4.8322     -4.7818     -4.7323
     -4.6830     -4.6351     -4.5883     -4.5422     -4.2427     -3.9045     -3.6008
     -3.3375     -3.1147     -2.9268     -2.7659     -2.6245     -2.4976     -2.3819
     -2.2754     -2.1775     -2.0900     -2.0200     -1.9945     -2.0961     -2.4278
     -2.9322     -3.4965     -4.0248     -4.4141     -4.6057     -4.6157     -4.5158
     -4.3679     -4.2177     -4.0896     -3.9907     -3.9331     -3.9274     -3.9491
     -3.9593     -3.9216     -3.8065     -3.6226     -3.3995     -3.1578     -2.9065
     -2.6482     -2.3831     -2.1120     -1.8365     -1.5588     -1.2820     -1.0106
     -0.7509     -0.5110     -0.3012     -0.1322     -0.0118      0.0598      0.0917
      0.0971      0.0871     -5.4431     -5.4222     -5.3664     -5.3055     -5.2465
     -5.1862     -5.1096     -5.0190     -4.9447     -4.8857     -4.8329     -4.7828
     -4.7333     -4.6842     -4.6365     -4.5898     -4.5438     -4.2435     -3.9049
     -3.6011     -3.3377     -3.1148     -2.9269     -2.7659     -2.6244     -2.4976
     -2.3820     -2.2758     -2.1785     -2.0928     -2.0291     -2.0268     -2.1924
     -2.5993     -3.1431     -3.7147     -4.2108     -4.5360     -4.6632     -4.6336
     -4.5162     -4.3652     -4.2195     -4.0985     -4.0074     -3.9615     -3.9645
     -3.9851     -3.9859     -3.9305     -3.7957     -3.5983     -3.3672     -3.1202
     -2.8649     -2.6036     -2.3367     -2.0653     -1.7911     -1.5166     -1.2448
     -0.9807     -0.7309     -0.5044     -0.3121     -0.1643     -0.0665     -0.0143
      0.0040      0.0015     -0.0123     -5.4643     -5.4253     -5.3661     -5.3049
     -5.2461     -5.1841     -5.1031     -5.0133     -4.9426     -4.8853     -4.8332
     -4.7834     -4.7339     -4.6850     -4.6375     -4.5909     -4.5449     -4.2441
     -3.9052     -3.6013     -3.3379     -3.1150     -2.9270     -2.7659     -2.6244
     -2.4976     -2.3822     -2.2762     -2.1797     -2.0965     -2.0418     -2.0725
     -2.3145     -2.7881     -3.3606     -3.9262     -4.3742     -4.6308     -4.7010
     -4.6404     -4.5101     -4.3582     -4.2179     -4.1039     -4.0214     -3.9874
     -3.9969     -4.0143     -4.0040     -3.9296     -3.7762     -3.5666     -3.3282
     -3.0762     -2.8172     -2.5531     -2.2848     -2.0135     -1.7413     -1.4704
     -1.2044     -0.9484     -0.7097     -0.4981     -0.3247     -0.1990     -0.1226
     -0.0872     -0.0794     -0.0872     -0.1031     -5.4760     -5.4261     -5.3650
     -5.3038     -5.2451     -5.1809     -5.0957     -5.0080     -4.9407     -4.8847
     -4.8333     -4.7837     -4.7341     -4.6854     -4.6382     -4.5917     -4.5456
     -4.2445     -3.9054     -3.6015     -3.3380     -3.1151     -2.9270     -2.7658
     -2.6244     -2.4977     -2.3824     -2.2768     -2.1813     -2.1015     -2.0599
     -2.1365     -2.4622     -2.9903     -3.5808     -4.1246     -4.5113     -4.7004
     -4.7236     -4.6383     -4.4987     -4.3477     -4.2135     -4.1065     -4.0338
     -4.0112     -4.0249     -4.0373     -4.0141     -3.9200     -3.7492     -3.5287
     -3.2836     -3.0270     -2.7644     -2.4979     -2.2285     -1.9577     -1.6878
     -1.4211     -1.1614     -0.9143     -0.6878     -0.4924     -0.3394     -0.2356
     -0.1787     -0.1570     -0.1567     -0.1679     -0.1846     -5.4817     -5.4256
     -5.3633     -5.3024     -5.2436     -5.1766     -5.0878     -5.0032     -4.9388
     -4.8841     -4.8332     -4.7837     -4.7341     -4.6857     -4.6386     -4.5922
     -4.5462     -4.2448     -3.9056     -3.6016     -3.3382     -3.1152     -2.9271
     -2.7658     -2.6244     -2.4977     -2.3826     -2.2775     -2.1834     -2.1083
     -2.0857     -2.2233     -2.6325     -3.2024     -3.7987     -4.3035     -4.6213
     -4.7487     -4.7343     -4.6293     -4.4833     -4.3348     -4.2072     -4.1074
     -4.0453     -4.0331     -4.0486     -4.0545     -4.0168     -3.9027     -3.7160
     -3.4858     -3.2344     -2.9734     -2.7075     -2.4388     -2.1686     -1.8988
     -1.6314     -1.3693     -1.1165     -0.8791     -0.6659     -0.4881     -0.3560
     -0.2735     -0.2334     -0.2221     -0.2269     -0.2398     -0.2562     -5.4838
     -5.4243     -5.3614     -5.3008     -5.2417     -5.1712     -5.0798     -4.9989
     -4.9371     -4.8834     -4.8330     -4.7835     -4.7340     -4.6859     -4.6390
     -4.5926     -4.5466     -4.2451     -3.9058     -3.6018     -3.3383     -3.1153
     -2.9271     -2.7658     -2.6244     -2.4978     -2.3829     -2.2784     -2.1861
     -2.1179     -2.1226     -2.3366     -2.8209     -3.4212     -4.0084     -4.4578
     -4.7055     -4.7802     -4.7354     -4.6147     -4.4650     -4.3203     -4.1995
     -4.1074     -4.0567     -4.0533     -4.0685     -4.0664     -4.0126     -3.8788
     -3.6776     -3.4385     -3.1815     -2.9163     -2.6473     -2.3767     -2.1060
     -1.8373     -1.5728     -1.3156     -1.0702     -0.8433     -0.6447     -0.4856
     -0.3747     -0.3115     -0.2852     -0.2814     -0.2893     -0.3026     -0.3180
     -5.4841     -5.4224     -5.3593     -5.2991     -5.2394     -5.1648     -5.0721
     -4.9952     -4.9356     -4.8828     -4.8327     -4.7832     -4.7339     -4.6861
     -4.6392     -4.5929     -4.5470     -4.2454     -3.9061     -3.6020     -3.3385
     -3.1154     -2.9271     -2.7657     -2.6244     -2.4979     -2.3833     -2.2795
     -2.1897     -2.1313     -2.1753     -2.4771     -3.0233     -3.6426     -4.2029
     -4.5851     -4.7671     -4.7988     -4.7288     -4.5960     -4.4447     -4.3050
     -4.1911     -4.1074     -4.0682     -4.0718     -4.0847     -4.0733     -4.0020
     -3.8492     -3.6349     -3.3878     -3.1254     -2.8563     -2.5845     -2.3122
     -2.0413     -1.7739     -1.5125     -1.2606     -1.0232     -0.8077     -0.6247
     -0.4851     -0.3948     -0.3486     -0.3329     -0.3341     -0.3434     -0.3561
     -0.3700     -5.4833     -5.4203     -5.3571     -5.2974     -5.2365     -5.1574
     -5.0649     -4.9920     -4.9342     -4.8822     -4.8324     -4.7828     -4.7337
     -4.6861     -4.6394     -4.5931     -4.5472     -4.2456     -3.9062     -3.6022
     -3.3386     -3.1154     -2.9270     -2.7657     -2.6244     -2.4981     -2.3838
     -2.2810     -2.1946     -2.1505     -2.2488     -2.6423     -3.2362     -3.8610
     -4.3759     -4.6861     -4.8102     -4.8072     -4.7161     -4.5741     -4.4233
     -4.2894     -4.1826     -4.1081     -4.0802     -4.0885     -4.0976     -4.0753
     -3.9853     -3.8146     -3.5886     -3.3342     -3.0668     -2.7939     -2.5195
     -2.2457     -1.9748     -1.7090     -1.4511     -1.2049     -0.9759     -0.7729
     -0.6066     -0.4870     -0.4158     -0.3836     -0.3755     -0.3797     -0.3893
     -0.4008     -0.4127     -5.4819     -5.4179     -5.3549     -5.2955     -5.2330
     -5.1494     -5.0585     -4.9893     -4.9329     -4.8816     -4.8320     -4.7824
     -4.7336     -4.6862     -4.6395     -4.5933     -4.5475     -4.2458     -3.9064
     -3.6023     -3.3387     -3.1154     -2.9270     -2.7656     -2.6244     -2.4983
     -2.3844     -2.2829     -2.2013     -2.1782     -2.3480     -2.8279     -3.4562
     -4.0700     -4.5232     -4.7630     -4.8392     -4.8073     -4.6985     -4.5502
     -4.4015     -4.2740     -4.1744     -4.1100     -4.0925     -4.1034     -4.1073
     -4.0724     -3.9631     -3.7757     -3.5391     -3.2781     -3.0060     -2.7296
     -2.4527     -2.1778     -1.9071     -1.6431     -1.3889     -1.1487     -0.9291
     -0.7395     -0.5909     -0.4909     -0.4369     -0.4156     -0.4126     -0.4182
     -0.4272     -0.4372     -0.4471     -5.4801     -5.4154     -5.3527     -5.2936
     -5.2288     -5.1410     -5.0528     -4.9869     -4.9319     -4.8811     -4.8316
     -4.7820     -4.7335     -4.6863     -4.6397     -4.5935     -4.5477     -4.2460
     -3.9066     -3.6025     -3.3388     -3.1154     -2.9269     -2.7656     -2.6245
     -2.4985     -2.3852     -2.2853     -2.2107     -2.2183     -2.4755     -3.0288
     -3.6792     -4.2623     -4.6437     -4.8192     -4.8573     -4.8005     -4.6770
     -4.5250     -4.3799     -4.2591     -4.1671     -4.1135     -4.1049     -4.1164
     -4.1138     -4.0647     -3.9359     -3.7332     -3.4871     -3.2199     -2.9434
     -2.6637     -2.3846     -2.1087     -1.8384     -1.5765     -1.3263     -1.0928
     -0.8833     -0.7081     -0.5778     -0.4967     -0.4571     -0.4439     -0.4440
     -0.4498     -0.4577     -0.4660     -0.4739     -5.4781     -5.4129     -5.3507
     -5.2916     -5.2238     -5.1325     -5.0479     -4.9848     -4.9309     -4.8806
     -4.8311     -4.7816     -4.7334     -4.6863     -4.6398     -4.5937     -4.5479
     -4.2462     -3.9068     -3.6026     -3.3388     -3.1154     -2.9268     -2.7655
     -2.6245     -2.4989     -2.3862     -2.2887     -2.2241     -2.2758     -2.6306
     -3.2413     -3.8995     -4.4316     -4.7386     -4.8593     -4.8665     -4.7881
     -4.6528     -4.4993     -4.3590     -4.2451     -4.1612     -4.1185     -4.1172
     -4.1274     -4.1171     -4.0522     -3.9042     -3.6876     -3.4328     -3.1599
     -2.8792     -2.5964     -2.3152     -2.0386     -1.7690     -1.5095     -1.2637
     -1.0374     -0.8391     -0.6794     -0.5676     -0.5037     -0.4757     -0.4680
     -0.4697     -0.4751     -0.4817     -0.4883     -0.4945     -5.4758     -5.4104
     -5.3487     -5.2893     -5.2179     -5.1242     -5.0437     -4.9830     -4.9301
     -4.8801     -4.8306     -4.7812     -4.7333     -4.6864     -4.6400     -4.5939
     -4.5482     -4.2464     -3.9069     -3.6027     -3.3389     -3.1154     -2.9267
     -2.7655     -2.6247     -2.4993     -2.3874     -2.2932     -2.2434     -2.3562
     -2.8091     -3.4620     -4.1098     -4.5747     -4.8105     -4.8874     -4.8680
     -4.7711     -4.6266     -4.4736     -4.3390     -4.2321     -4.1569     -4.1250
     -4.1289     -4.1364     -4.1170     -4.0349     -3.8684     -3.6391     -3.3765
     -3.0983     -2.8135     -2.5278     -2.2449     -1.9678     -1.6991     -1.4422
     -1.2014     -0.9831     -0.7969     -0.6537     -0.5602     -0.5113     -0.4920
     -0.4878     -0.4902     -0.4949     -0.5001     -0.5053     -0.5099     -5.4734
     -5.4079     -5.3468     -5.2868     -5.2111     -5.1164     -5.0402     -4.9815
     -4.9293     -4.8797     -4.8301     -4.7810     -4.7333     -4.6865     -4.6401
     -4.5941     -4.5484     -4.2466     -3.9071     -3.6027     -3.3389     -3.1153
     -2.9266     -2.7655     -2.6248     -2.4998     -2.3891     -2.2994     -2.2714
     -2.4643     -3.0060     -3.6869     -4.3025     -4.6913     -4.8632     -4.9065
     -4.8632     -4.7503     -4.5992     -4.4485     -4.3201     -4.2203     -4.1547
     -4.1327     -4.1399     -4.1434     -4.1134     -4.0130     -3.8290     -3.5883
     -3.3185     -3.0351     -2.7466     -2.4583     -2.1738     -1.8964     -1.6289
     -1.3750     -1.1397     -0.9304     -0.7575     -0.6314     -0.5551     -0.5187
     -0.5057     -0.5037     -0.5061     -0.5099     -0.5140     -0.5178     -0.5213
     -5.4708     -5.4055     -5.3449     -5.2838     -5.2035     -5.1093     -5.0371
     -4.9801     -4.9287     -4.8793     -4.8296     -4.7807     -4.7333     -4.6866
     -4.6403     -4.5943     -4.5486     -4.2467     -3.9072     -3.6028     -3.3389
     -3.1152     -2.9265     -2.7655     -2.6250     -2.5004     -2.3912     -2.3081
     -2.3124     -2.6019     -3.2162     -3.9102     -4.4715     -4.7830     -4.9011
     -4.9177     -4.8531     -4.7264     -4.5713     -4.4242     -4.3025     -4.2100
     -4.1544     -4.1412     -4.1498     -4.1482     -4.1060     -3.9866     -3.7864
     -3.5353     -3.2589     -2.9707     -2.6786     -2.3878     -2.1021     -1.8246
     -1.5586     -1.3081     -1.0790     -0.8797     -0.7212     -0.6126     -0.5520
     -0.5254     -0.5169     -0.5161     -0.5182     -0.5212     -0.5242     -0.5271
     -0.5296     -5.4682     -5.4031     -5.3430     -5.2804     -5.1953     -5.1030
     -5.0345     -4.9789     -4.9281     -4.8788     -4.8292     -4.7806     -4.7334
     -4.6868     -4.6405     -4.5945     -4.5488     -4.2469     -3.9072     -3.6028
     -3.3388     -3.1151     -2.9265     -2.7655     -2.6252     -2.5012     -2.3941
     -2.3205     -2.3716     -2.7672     -3.4363     -4.1242     -4.6138     -4.8524
     -4.9286     -4.9219     -4.8386     -4.7002     -4.5434     -4.4010     -4.2863
     -4.2015     -4.1561     -4.1502     -4.1586     -4.1507     -4.0947     -3.9562
     -3.7409     -3.4804     -3.1978     -2.9051     -2.6097     -2.3166     -2.0298
     -1.7526     -1.4884     -1.2419     -1.0197     -0.8315     -0.6886     -0.5972
     -0.5503     -0.5313     -0.5256     -0.5254     -0.5272     -0.5294     -0.5317
     -0.5337     -0.5356     -5.4655     -5.4010     -5.3412     -5.2762     -5.1868
     -5.0976     -5.0323     -4.9779     -4.9276     -4.8784     -4.8288     -4.7805
     -4.7335     -4.6869     -4.6407     -4.5947     -4.5489     -4.2470     -3.9073
     -3.6028     -3.3388     -3.1150     -2.9264     -2.7656     -2.6255     -2.5022
     -2.3980     -2.3386     -2.4549     -2.9552     -3.6624     -4.3210     -4.7295
     -4.9031     -4.9486     -4.9203     -4.8202     -4.6724     -4.5160     -4.3793
     -4.2714     -4.1949     -4.1595     -4.1593     -4.1660     -4.1508     -4.0792
     -3.9219     -3.6928     -3.4238     -3.1353     -2.8383     -2.5397     -2.2447
     -1.9571     -1.6804     -1.4185     -1.1765     -0.9623     -0.7866     -0.6600
     -0.5850     -0.5494     -0.5360     -0.5323     -0.5324     -0.5337     -0.5354
     -0.5370     -0.5385     -0.5398     -5.4629     -5.3989     -5.3392     -5.2713
     -5.1782     -5.0929     -5.0304     -4.9771     -4.9272     -4.8779     -4.8284
     -4.7805     -4.7336     -4.6871     -4.6409     -4.5949     -4.5491     -4.2471
     -3.9073     -3.6028     -3.3387     -3.1148     -2.9263     -2.7656     -2.6259
     -2.5036     -2.4034     -2.3652     -2.5673     -3.1601     -3.8890     -4.4938
     -4.8207     -4.9395     -4.9620     -4.9135     -4.7984     -4.6437     -4.4893
     -4.3589     -4.2579     -4.1904     -4.1643     -4.1681     -4.1720     -4.1480
     -4.0597     -3.8841     -3.6425     -3.3656     -3.0715     -2.7704     -2.4690
     -2.1722     -1.8841     -1.6083     -1.3490     -1.1124     -0.9073     -0.7453
     -0.6356     -0.5755     -0.5492     -0.5397     -0.5373     -0.5374     -0.5385
     -0.5397     -0.5408     -0.5419     -0.5428     -5.4603     -5.3969     -5.3371
     -5.2656     -5.1699     -5.0889     -5.0287     -4.9763     -4.9268     -4.8774
     -4.8282     -4.7805     -4.7338     -4.6874     -4.6412     -4.5951     -4.5492
     -4.2471     -3.9073     -3.6028     -3.3385     -3.1147     -2.9263     -2.7658
     -2.6264     -2.5053     -2.4109     -2.4043     -2.7104     -3.3772     -4.1086
     -4.6395     -4.8899     -4.9661     -4.9694     -4.9025     -4.7738     -4.6146
     -4.4638     -4.3401     -4.2461     -4.1879     -4.1703     -4.1764     -4.1765
     -4.1422     -4.0361     -3.8431     -3.5901     -3.3059     -3.0066     -2.7016
     -2.3976     -2.0993     -1.8109     -1.5363     -1.2803     -1.0499     -0.8552
     -0.7082     -0.6153     -0.5684     -0.5491     -0.5426     -0.5409     -0.5411
     -0.5418     -0.5427     -0.5436     -0.5443     -0.5450     -5.4578     -5.3951
     -5.3348     -5.2589     -5.1622     -5.0856     -5.0273     -4.9757     -4.9264
     -4.8769     -4.8280     -4.7806     -4.7340     -4.6876     -4.6414     -4.5953
     -4.5493     -4.2472     -3.9073     -3.6027     -3.3384     -3.1145     -2.9262
     -2.7659     -2.6270     -2.5076     -2.4217     -2.4615     -2.8817     -3.6028
     -4.3127     -4.7581     -4.9404     -4.9862     -4.9714     -4.8876     -4.7470
     -4.5856     -4.4395     -4.3227     -4.2360     -4.1874     -4.1771     -4.1840
     -4.1792     -4.1330     -4.0085     -3.7992     -3.5358     -3.2448     -2.9405
     -2.6319     -2.3255     -2.0260     -1.7377     -1.4647     -1.2126     -0.9894
     -0.8065     -0.6756     -0.5989     -0.5631     -0.5492     -0.5447     -0.5436
     -0.5437     -0.5443     -0.5449     -0.5455     -0.5460     -0.5465     -5.4554
     -5.3933     -5.3321     -5.2514     -5.1552     -5.0827     -5.0261     -4.9752
     -4.9260     -4.8765     -4.8279     -4.7808     -4.7342     -4.6878     -4.6416
     -4.5955     -4.5494     -4.2472     -3.9073     -3.6026     -3.3382     -3.1144
     -2.9262     -2.7661     -2.6278     -2.5108     -2.4375     -2.5430     -3.0755
     -3.8318     -4.4939     -4.8517     -4.9761     -5.0009     -4.9688     -4.8691
     -4.7186     -4.5572     -4.4167     -4.3067     -4.2278     -4.1886     -4.1843
     -4.1907     -4.1799     -4.1204     -3.9771     -3.7527     -3.4798     -3.1823
     -2.8734     -2.5614     -2.2528     -1.9525     -1.6645     -1.3937     -1.1462
     -0.9315     -0.7619     -0.6477     -0.5861     -0.5593     -0.5494     -0.5462
     -0.5455     -0.5456     -0.5460     -0.5464     -0.5468     -0.5472     -0.5475
     -5.4531     -5.3916     -5.3289     -5.2433     -5.1490     -5.0803     -5.0251
     -4.9747     -4.9257     -4.8761     -4.8279     -4.7809     -4.7344     -4.6880
     -4.6418     -4.5956     -4.5494     -4.2471     -3.9072     -3.6024     -3.3380
     -3.1143     -2.9262     -2.7664     -2.6288     -2.5151     -2.4608     -2.6542
     -3.2858     -4.0572     -4.6481     -4.9231     -5.0019     -5.0107     -4.9620
     -4.8475     -4.6892     -4.5296     -4.3955     -4.2922     -4.2217     -4.1913
     -4.1916     -4.1964     -4.1784     -4.1042     -3.9422     -3.7038     -3.4222
     -3.1187     -2.8052     -2.4901     -2.1797     -1.8787     -1.5916     -1.3234
     -1.0816     -0.8766     -0.7218     -0.6246     -0.5762     -0.5565     -0.5495
     -0.5473     -0.5468     -0.5469     -0.5472     -0.5475     -0.5478     -0.5480
     -0.5482     -5.4510     -5.3899     -5.3251     -5.2349     -5.1436     -5.0782
     -5.0242     -4.9743     -4.9253     -4.8759     -4.8280     -4.7811     -4.7346
     -4.6883     -4.6420     -4.5957     -4.5494     -4.2471     -3.9071     -3.6022
     -3.3378     -3.1141     -2.9263     -2.7667     -2.6301     -2.5212     -2.4954
     -2.7973     -3.5078     -4.2706     -4.7744     -4.9754     -5.0212     -5.0161
     -4.9514     -4.8231     -4.6594     -4.5030     -4.3758     -4.2791     -4.2175
     -4.1953     -4.1988     -4.2008     -4.1744     -4.0842     -3.9039     -3.6528
     -3.3631     -3.0538     -2.7361     -2.4182     -2.1062     -1.8049     -1.5189
     -1.2542     -1.0189     -0.8254     -0.6865     -0.6059     -0.5688     -0.5546
     -0.5496     -0.5481     -0.5477     -0.5478     -0.5480     -0.5482     -0.5484
     -0.5486     -0.5488     -5.4490     -5.3882     -5.3206     -5.2263     -5.1390
     -5.0764     -5.0235     -4.9740     -4.9249     -4.8757     -4.8281     -4.7814
     -4.7349     -4.6885     -4.6421     -4.5958     -4.5494     -4.2470     -3.9069
     -3.6020     -3.3375     -3.1140     -2.9263     -2.7671     -2.6318     -2.5299
     -2.5468     -2.9699     -3.7366     -4.4638     -4.8748     -5.0120     -5.0360
     -5.0175     -4.9372     -4.7963     -4.6296     -4.4779     -4.3575     -4.2678
     -4.2152     -4.2002     -4.2056     -4.2040     -4.1678     -4.0605     -3.8627
     -3.5999     -3.3026     -2.9878     -2.6661     -2.3456     -2.0323     -1.7311
     -1.4468     -1.1862     -0.9588     -0.7782     -0.6564     -0.5912     -0.5634
     -0.5532     -0.5497     -0.5486     -0.5484     -0.5484     -0.5486     -0.5487
     -0.5489     -0.5490     -0.5491     -5.4471     -5.3863     -5.3153     -5.2180
     -5.1352     -5.0749     -5.0229     -4.9737     -4.9246     -4.8756     -4.8283
     -4.7816     -4.7351     -4.6887     -4.6423     -4.5959     -4.5493     -4.2468
     -3.9067     -3.6017     -3.3373     -3.1139     -2.9264     -2.7676     -2.6342
     -2.5425     -2.6213     -3.1661     -3.9663     -4.6313     -4.9520     -5.0374
     -5.0467     -5.0152     -4.9196     -4.7679     -4.6003     -4.4542     -4.3406
     -4.2583     -4.2146     -4.2058     -4.2119     -4.2055     -4.1582     -4.0331
     -3.8186     -3.5452     -3.2408     -2.9207     -2.5953     -2.2725     -1.9582
     -1.6574     -1.3754     -1.1198     -0.9017     -0.7357     -0.6313     -0.5800
     -0.5595     -0.5522     -0.5498     -0.5490     -0.5489     -0.5489     -0.5490
     -0.5491     -0.5492     -0.5493     -0.5494     -5.4454     -5.3842     -5.3090
     -5.2101     -5.1319     -5.0737     -5.0224     -4.9735     -4.9242     -4.8756
     -4.8285     -4.7819     -4.7353     -4.6888     -4.6424     -4.5959     -4.5492
     -4.2466     -3.9064     -3.6014     -3.3370     -3.1138     -2.9266     -2.7683
     -2.6374     -2.5613     -2.7253     -3.3793     -4.1888     -4.7709     -5.0089
     -5.0558     -5.0540     -5.0095     -4.8990     -4.7382     -4.5717     -4.4320
     -4.3251     -4.2507     -4.2155     -4.2118     -4.2174     -4.2053     -4.1456
     -4.0020     -3.7720     -3.4889     -3.1777     -2.8525     -2.5237     -2.1990
     -1.8840     -1.5840     -1.3049     -1.0554     -0.8482     -0.6982     -0.6110
     -0.5715     -0.5567     -0.5515     -0.5498     -0.5493     -0.5492     -0.5492
     -0.5493     -0.5493     -0.5494     -0.5495     -0.5495     -5.4437     -5.3819
     -5.3019     -5.2030     -5.1291     -5.0726     -5.0220     -4.9732     -4.9240
     -4.8757     -4.8287     -4.7821     -4.7355     -4.6890     -4.6425     -4.5959
     -4.5491     -4.2464     -3.9061     -3.6010     -3.3367     -3.1138     -2.9267
     -2.7692     -2.6419     -2.5894     -2.8622     -3.6038     -4.3956     -4.8835
     -5.0486     -5.0697     -5.0583     -5.0003     -4.8754     -4.7079     -4.5443
     -4.4114     -4.3110     -4.2449     -4.2177     -4.2180     -4.2220     -4.2031
     -4.1297     -3.9675     -3.7231     -3.4310     -3.1133     -2.7834     -2.4515
     -2.1251     -1.8098     -1.5111     -1.2356     -0.9933     -0.7986     -0.6659
     -0.5950     -0.5653     -0.5547     -0.5510     -0.5499     -0.5495     -0.5494
     -0.5494     -0.5495     -0.5495     -0.5496     -0.5496     -0.5497     -5.4421
     -5.3791     -5.2941     -5.1967     -5.1268     -5.0717     -5.0217     -4.9730
     -4.9238     -4.8758     -4.8290     -4.7823     -4.7357     -4.6891     -4.6425
     -4.5959     -4.5489     -4.2461     -3.9057     -3.6006     -3.3365     -3.1137
     -2.9270     -2.7704     -2.6483     -2.6318     -3.0307     -3.8340     -4.5797
     -4.9711     -5.0752     -5.0801     -5.0599     -4.9877     -4.8494     -4.6774
     -4.5181     -4.3923     -4.2985     -4.2410     -4.2209     -4.2242     -4.2256
     -4.1987     -4.1104     -3.9297     -3.6723     -3.3717     -3.0477     -2.7134
     -2.3787     -2.0509     -1.7357     -1.4387     -1.1677     -0.9341     -0.7537
     -0.6389     -0.5828     -0.5609     -0.5533     -0.5507     -0.5499     -0.5496
     -0.5496     -0.5496     -0.5496     -0.5497     -0.5497     -0.5497     -0.5497
     -5.4406     -5.3759     -5.2858     -5.1913     -5.1249     -5.0710     -5.0215
     -4.9728     -4.9236     -4.8760     -4.8292     -4.7826     -4.7359     -4.6892
     -4.6426     -4.5959     -4.5487     -4.2457     -3.9053     -3.6002     -3.3362
     -3.1137     -2.9273     -2.7720     -2.6575     -2.6947     -3.2252     -4.0629
     -4.7374     -5.0368     -5.0931     -5.0876     -5.0588     -4.9718     -4.8214
     -4.6472     -4.4933     -4.3745     -4.2877     -4.2388     -4.2249     -4.2300
     -4.2279     -4.1920     -4.0876     -3.8889     -3.6195     -3.3109     -2.9810
     -2.6426     -2.3053     -1.9765     -1.6617     -1.3671     -1.1015     -0.8781
     -0.7137     -0.6170     -0.5736     -0.5576     -0.5523     -0.5505     -0.5499
     -0.5497     -0.5497     -0.5497     -0.5497     -0.5497     -0.5498     -0.5498
     -0.5498     -5.4390     -5.3719     -5.2773     -5.1867     -5.1233     -5.0705
     -5.0214     -4.9726     -4.9236     -4.8762     -4.8294     -4.7828     -4.7361
     -4.6893     -4.6426     -4.5958     -4.5484     -4.2453     -3.9048     -3.5997
     -3.3360     -3.1137     -2.9277     -2.7741     -2.6713     -2.7852     -3.4384
     -4.2822     -4.8678     -5.0834     -5.1057     -5.0928     -5.0549     -4.9528
     -4.7919     -4.6177     -4.4701     -4.3581     -4.2786     -4.2380     -4.2296
     -4.2354     -4.2289     -4.1827     -4.0612     -3.8454     -3.5650     -3.2488
     -2.9132     -2.5709     -2.2315     -1.9020     -1.5880     -1.2965     -1.0375
     -0.8260     -0.6790     -0.5996     -0.5668     -0.5553     -0.5516     -0.5503
     -0.5499     -0.5498     -0.5498     -0.5498     -0.5498     -0.5498     -0.5498
     -0.5498     -0.5498     -5.4374     -5.3673     -5.2689     -5.1828     -5.1219
     -5.0701     -5.0213     -4.9725     -4.9236     -4.8764     -4.8297     -4.7829
     -4.7362     -4.6894     -4.6427     -4.5958     -4.5481     -4.2447     -3.9041
     -3.5991     -3.3358     -3.1138     -2.9282     -2.7771     -2.6920     -2.9087
     -3.6633     -4.4838     -4.9721     -5.1143     -5.1148     -5.0964     -5.0480
     -4.9308     -4.7613     -4.5891     -4.4484     -4.3429     -4.2714     -4.2386
     -4.2347     -4.2402     -4.2282     -4.1708     -4.0313     -3.7995     -3.5090
     -3.1854     -2.8444     -2.4986     -2.1574     -1.8274     -1.5148     -1.2271
     -0.9760     -0.7783     -0.6497     -0.5862     -0.5619     -0.5537     -0.5511
     -0.5502     -0.5499     -0.5498     -0.5498     -0.5498     -0.5498     -0.5498
     -0.5499     -0.5499     -0.5499     -5.4357     -5.3617     -5.2609     -5.1795
     -5.1208     -5.0698     -5.0213     -4.9723     -4.9237     -4.8766     -4.8299
     -4.7831     -4.7363     -4.6895     -4.6427     -4.5956     -4.5476     -4.2441
     -3.9034     -3.5986     -3.3356     -3.1139     -2.9289     -2.7814     -2.7236
     -3.0661     -3.8933     -4.6620     -5.0525     -5.1336     -5.1212     -5.0983
     -5.0379     -4.9062     -4.7304     -4.5617     -4.4282     -4.3291     -4.2659
     -4.2402     -4.2401     -4.2442     -4.2258     -4.1561     -3.9979     -3.7514
     -3.4514     -3.1207     -2.7746     -2.4257     -2.0829     -1.7530     -1.4422
     -1.1593     -0.9175     -0.7354     -0.6256     -0.5761     -0.5584     -0.5526
     -0.5507     -0.5501     -0.5499     -0.5499     -0.5498     -0.5499     -0.5499
     -0.5499     -0.5499     -0.5499     -0.5499     -5.4337     -5.3553     -5.2535
     -5.1769     -5.1200     -5.0696     -5.0212     -4.9721     -4.9238     -4.8768
     -4.8301     -4.7832     -4.7364     -4.6895     -4.6427     -4.5955     -4.5471
     -4.2433     -3.9026     -3.5980     -3.3354     -3.1140     -2.9298     -2.7875
     -2.7717     -3.2534     -4.1209     -4.8144     -5.1117     -5.1456     -5.1256
     -5.0986     -5.0245     -4.8793     -4.6994     -4.5357     -4.4095     -4.3169
     -4.2621     -4.2427     -4.2454     -4.2473     -4.2215     -4.1382     -3.9614
     -3.7012     -3.3923     -3.0547     -2.7039     -2.3522     -2.0083     -1.6787
     -1.3704     -1.0932     -0.8625     -0.6976     -0.6063     -0.5687     -0.5559
     -0.5518     -0.5505     -0.5501     -0.5499     -0.5499     -0.5499     -0.5499
     -0.5499     -0.5499     -0.5499     -0.5499     -0.5499     -5.4315     -5.3481
     -5.2470     -5.1747     -5.1193     -5.0696     -5.0212     -4.9720     -4.9240
     -4.8771     -4.8302     -4.7834     -4.7365     -4.6896     -4.6426     -4.5953
     -4.5465     -4.2424     -3.9017     -3.5974     -3.3353     -3.1141     -2.9311
     -2.7966     -2.8434     -3.4627     -4.3378     -4.9405     -5.1522     -5.1535
     -5.1287     -5.0968     -5.0080     -4.8505     -4.6689     -4.5112     -4.3920
     -4.3064     -4.2598     -4.2460     -4.2506     -4.2492     -4.2152     -4.1171
     -3.9218     -3.6493     -3.3317     -2.9876     -2.6324     -2.2783     -1.9335
     -1.6048     -1.2996     -1.0294     -0.8116     -0.6653     -0.5913     -0.5632
     -0.5541     -0.5512     -0.5503     -0.5500     -0.5499     -0.5499     -0.5499
     -0.5499     -0.5499     -0.5499     -0.5499     -0.5499     -0.5499     -5.4289
     -5.3402     -5.2413     -5.1729     -5.1188     -5.0696     -5.0212     -4.9719
     -4.9242     -4.8772     -4.8304     -4.7835     -4.7365     -4.6896     -4.6426
     -4.5951     -4.5457     -4.2414     -3.9007     -3.5969     -3.3352     -3.1143
     -2.9329     -2.8103     -2.9459     -3.6856     -4.5365     -5.0416     -5.1774
     -5.1584     -5.1312     -5.0926     -4.9884     -4.8203     -4.6391     -4.4881
     -4.3758     -4.2976     -4.2588     -4.2498     -4.2555     -4.2499     -4.2068
     -4.0925     -3.8796     -3.5957     -3.2697     -2.9194     -2.5602     -2.2040
     -1.8587     -1.5313     -1.2300     -0.9682     -0.7651     -0.6383     -0.5799
     -0.5593     -0.5528     -0.5508     -0.5502     -0.5500     -0.5499     -0.5499
     -0.5499     -0.5499     -0.5499     -0.5499     -0.5499     -0.5499     -0.5499
     -5.4257     -5.3319     -5.2366     -5.1714     -5.1185     -5.0696     -5.0211
     -4.9719     -4.9243     -4.8774     -4.8305     -4.7836     -4.7366     -4.6896
     -4.6425     -4.5948     -4.5448     -4.2401     -3.8996     -3.5964     -3.3351
     -3.1146     -2.9353     -2.8313     -3.0836     -3.9141     -4.7124     -5.1196
     -5.1916     -5.1610     -5.1331     -5.0857     -4.9660     -4.7892     -4.6104
     -4.4667     -4.3608     -4.2906     -4.2589     -4.2542     -4.2599     -4.2492
     -4.1961     -4.0644     -3.8350     -3.5405     -3.2064     -2.8501     -2.4873
     -2.1293     -1.7840     -1.4584     -1.1620     -0.9101     -0.7237     -0.6164
     -0.5715     -0.5565     -0.5520     -0.5506     -0.5501     -0.5500     -0.5499
     -0.5499     -0.5499     -0.5499     -0.5499     -0.5499     -0.5499     -0.5499
     -0.5499     -5.4220     -5.3236     -5.2326     -5.1703     -5.1183     -5.0697
     -5.0209     -4.9719     -4.9245     -4.8776     -4.8306     -4.7836     -4.7366
     -4.6896     -4.6424     -4.5944     -4.5437     -4.2387     -3.8984     -3.5959
     -3.3350     -3.1151     -2.9389     -2.8639     -3.2554     -4.1401     -4.8635
     -5.1766     -5.1990     -5.1622     -5.1342     -5.0757     -4.9410     -4.7578
     -4.5828     -4.4467     -4.3471     -4.2852     -4.2599     -4.2588     -4.2636
     -4.2469     -4.1830     -4.0329     -3.7882     -3.4837     -3.1417     -2.7799
     -2.4139     -2.0545     -1.7094     -1.3862     -1.0958     -0.8555     -0.6875
     -0.5991     -0.5653     -0.5546     -0.5514     -0.5504     -0.5501     -0.5500
     -0.5499     -0.5499     -0.5499     -0.5499     -0.5499     -0.5499     -0.5499
     -0.5499     -0.5499     -5.4175     -5.3155     -5.2294     -5.1694     -5.1182
     -5.0698     -5.0208     -4.9719     -4.9246     -4.8777     -4.8307     -4.7837
     -4.7367     -4.6896     -4.6423     -4.5940     -4.5425     -4.2371     -3.8971
     -3.5955     -3.3350     -3.1156     -2.9442     -2.9141     -3.4547     -4.3558
     -4.9899     -5.2152     -5.2025     -5.1630     -5.1341     -5.0626     -4.9138
     -4.7263     -4.5567     -4.4281     -4.3349     -4.2814     -4.2617     -4.2635
     -4.2664     -4.2430     -4.1671     -3.9982     -3.7395     -3.4254     -3.0757
     -2.7088     -2.3399     -1.9795     -1.6352     -1.3151     -1.0318     -0.8051
     -0.6567     -0.5858     -0.5608     -0.5532     -0.5509     -0.5502     -0.5500
     -0.5500     -0.5499     -0.5499     -0.5499     -0.5499     -0.5499     -0.5499
     -0.5499     -0.5499     -0.5499     -5.4122     -5.3079     -5.2267     -5.1688
     -5.1182     -5.0698     -5.0206     -4.9720     -4.9248     -4.8778     -4.8308
     -4.7837     -4.7367     -4.6896     -4.6422     -4.5935     -4.5410     -4.2352
     -3.8959     -3.5951     -3.3350     -3.1164     -2.9522     -2.9898     -3.6718
     -4.5541     -5.0924     -5.2382     -5.2034     -5.1639     -5.1325     -5.0464
     -4.8846     -4.6954     -4.5321     -4.4107     -4.3244     -4.2789     -4.2642
     -4.2682     -4.2683     -4.2375     -4.1481     -3.9606     -3.6891     -3.3656
     -3.0085     -2.6369     -2.2656     -1.9045     -1.5613     -1.2451     -0.9704
     -0.7593     -0.6312     -0.5758     -0.5576     -0.5522     -0.5506     -0.5501
     -0.5500     -0.5499     -0.5499     -0.5499     -0.5499     -0.5499     -0.5499
     -0.5499     -0.5499     -0.5499     -0.5499     -5.4060     -5.3011     -5.2246
     -5.1683     -5.1183     -5.0698     -5.0204     -4.9721     -4.9249     -4.8779
     -4.8309     -4.7838     -4.7367     -4.6896     -4.6420     -4.5929     -4.5392
     -4.2331     -3.8946     -3.5948     -3.3350     -3.1176     -2.9645     -3.0983
     -3.8968     -4.7307     -5.1725     -5.2498     -5.2023     -5.1649     -5.1288
     -5.0271     -4.8541     -4.6652     -4.5090     -4.3944     -4.3157     -4.2775
     -4.2673     -4.2728     -4.2690     -4.2301     -4.1260     -3.9202     -3.6370
     -3.3042     -2.9402     -2.5642     -2.1909     -1.8295     -1.4880     -1.1766
     -0.9121     -0.7185     -0.6108     -0.5684     -0.5553     -0.5515     -0.5504
     -0.5501     -0.5500     -0.5499     -0.5499     -0.5499     -0.5499     -0.5499
     -0.5499     -0.5499     -0.5499     -0.5499     -0.5499     -5.3991     -5.2951
     -5.2229     -5.1679     -5.1183     -5.0698     -5.0202     -4.9721     -4.9250
     -4.8780     -4.8309     -4.7838     -4.7367     -4.6895     -4.6418     -4.5922
     -4.5372     -4.2308     -3.8934     -3.5945     -3.3350     -3.1193     -2.9837
     -3.2433     -4.1209     -4.8840     -5.2320     -5.2541     -5.2000     -5.1660
     -5.1227     -5.0050     -4.8227     -4.6361     -4.4875     -4.3794     -4.3086
     -4.2771     -4.2709     -4.2769     -4.2685     -4.2210     -4.1004     -3.8775
     -3.5833     -3.2414     -2.8707     -2.4910     -2.1159     -1.7546     -1.4154
     -1.1100     -0.8574     -0.6830     -0.5947     -0.5630     -0.5537     -0.5510
     -0.5503     -0.5500     -0.5500     -0.5499     -0.5499     -0.5499     -0.5499
     -0.5499     -0.5499     -0.5499     -0.5499     -0.5499     -0.5499     -5.3915
     -5.2900     -5.2215     -5.1677     -5.1184     -5.0697     -5.0201     -4.9722
     -4.9251     -4.8781     -4.8310     -4.7839     -4.7367     -4.6894     -4.6415
     -4.5913     -4.5348     -4.2283     -3.8922     -3.5942     -3.3350     -3.1219
     -3.0141     -3.4222     -4.3362     -5.0141     -5.2728     -5.2544     -5.1979
     -5.1668     -5.1138     -4.9802     -4.7908     -4.6083     -4.4674     -4.3656
     -4.3032     -4.2775     -4.2749     -4.2805     -4.2666     -4.2097     -4.0714
     -3.8328     -3.5280     -3.1771     -2.8003     -2.4171     -2.0408     -1.6800
     -1.3438     -1.0454     -0.8068     -0.6529     -0.5825     -0.5592     -0.5526
     -0.5507     -0.5502     -0.5500     -0.5500     -0.5499     -0.5499     -0.5499
     -0.5499     -0.5499     -0.5499     -0.5499     -0.5499     -0.5499     -0.5499
     -5.3835     -5.2857     -5.2204     -5.1675     -5.1185     -5.0695     -5.0200
     -4.9723     -4.9252     -4.8781     -4.8310     -4.7839     -4.7367     -4.6894
     -4.6412     -4.5903     -4.5320     -4.2256     -3.8912     -3.5940     -3.3351
     -3.1258     -3.0618     -3.6263     -4.5361     -5.1216     -5.2973     -5.2518
     -5.1963     -5.1669     -5.1019     -4.9533     -4.7589     -4.5818     -4.4487
     -4.3532     -4.2992     -4.2786     -4.2791     -4.2833     -4.2634     -4.1961
     -4.0392     -3.7862     -3.4711     -3.1115     -2.7289     -2.3429     -1.9656
     -1.6058     -1.2732     -0.9834     -0.7608     -0.6282     -0.5733     -0.5564
     -0.5518     -0.5505     -0.5501     -0.5500     -0.5499     -0.5499     -0.5499
     -0.5499     -0.5499     -0.5499     -0.5499     -0.5499     -0.5499     -0.5499
     -0.5499
