6.989700043360188575e-01
7.288541457063620888e-01
7.587382870767053200e-01
7.886224284470485513e-01
8.185065698173917825e-01
8.483907111877351248e-01
8.782748525580783561e-01
9.081589939284215873e-01
9.380431352987648186e-01
9.679272766691080498e-01
9.978114180394512811e-01
1.027695559409794512e+00
1.057579700780137744e+00
1.087463842150480975e+00
1.117347983520824206e+00
1.147232124891167437e+00
1.177116266261510669e+00
1.207000407631853900e+00
1.236884549002197353e+00
1.266768690372540362e+00
1.296652831742883816e+00
1.326536973113226825e+00
1.356421114483570278e+00
1.386305255853913287e+00
1.416189397224256741e+00
1.446073538594599750e+00
1.475957679964943203e+00
1.505841821335286435e+00
1.535725962705629666e+00
1.565610104075972897e+00
1.595494245446316128e+00
1.625378386816659360e+00
1.655262528187002591e+00
1.685146669557345822e+00
1.715030810927689053e+00
1.744914952298032507e+00
1.774799093668375516e+00
1.804683235038718969e+00
1.834567376409061978e+00
1.864451517779405432e+00
1.894335659149748441e+00
1.924219800520091894e+00
1.954103941890434903e+00
1.983988083260778357e+00
2.013872224631121366e+00
2.043756366001464819e+00
2.073640507371807828e+00
2.103524648742151282e+00
2.133408790112494291e+00
2.163292931482837744e+00
2.193177072853180753e+00
2.223061214223524207e+00
2.252945355593867216e+00
2.282829496964210669e+00
2.312713638334554123e+00
2.342597779704897132e+00
2.372481921075240585e+00
2.402366062445583594e+00
2.432250203815927048e+00
2.462134345186270057e+00
2.492018486556613510e+00
2.521902627926956519e+00
2.551786769297299973e+00
2.581670910667642982e+00
2.611555052037986435e+00
2.641439193408329444e+00
2.671323334778672898e+00
2.701207476149015907e+00
2.731091617519359360e+00
2.760975758889702369e+00
2.790859900260045823e+00
2.820744041630388832e+00
2.850628183000732285e+00
2.880512324371075294e+00
2.910396465741418748e+00
2.940280607111761757e+00
2.970164748482105210e+00
3.000048889852448220e+00
3.029933031222791673e+00
3.059817172593134682e+00
3.089701313963478135e+00
3.119585455333821145e+00
3.149469596704164598e+00
3.179353738074507607e+00
3.209237879444851060e+00
3.239122020815194070e+00
3.269006162185537523e+00
3.298890303555880976e+00
3.328774444926223985e+00
3.358658586296567439e+00
3.388542727666910448e+00
3.418426869037253901e+00
3.448311010407596910e+00
3.478195151777940364e+00
3.508079293148283373e+00
3.537963434518626826e+00
3.567847575888969835e+00
3.597731717259313289e+00
3.627615858629656298e+00
3.657499999999999751e+00
3.850000000000000089e+00
3.899999999999999911e+00
3.950000000000000178e+00
4.000000000000000000e+00
4.049999999999999822e+00
4.099999999999999645e+00
4.150000000000000355e+00
4.200000000000000178e+00
4.250000000000000000e+00
4.299999999999999822e+00
4.349999999999999645e+00
4.400000000000000355e+00
4.450000000000000178e+00
4.500000000000000000e+00
4.549999999999999822e+00
4.599999999999999645e+00
4.650000000000000355e+00
4.700000000000000178e+00
4.750000000000000000e+00
4.799999999999999822e+00
4.849999999999999645e+00
4.900000000000000355e+00
4.950000000000000178e+00
5.000000000000000000e+00
5.049999999999999822e+00
5.099999999999999645e+00
5.150000000000000355e+00
5.200000000000000178e+00
5.250000000000000000e+00
5.299999999999999822e+00
5.349999999999999645e+00
5.400000000000000355e+00
5.450000000000000178e+00
5.500000000000000000e+00
5.549999999999999822e+00
5.599999999999999645e+00
5.650000000000000355e+00
5.700000000000000178e+00
5.750000000000000000e+00
5.799999999999999822e+00
5.849999999999999645e+00
5.900000000000000355e+00
5.950000000000000178e+00
6.000000000000000000e+00
6.099999999999999645e+00
6.200000000000000178e+00
6.299999999999999822e+00
6.400000000000000355e+00
6.500000000000000000e+00
6.599999999999999645e+00
6.700000000000000178e+00
6.799999999999999822e+00
6.900000000000000355e+00
7.000000000000000000e+00
7.099999999999999645e+00
7.200000000000000178e+00
7.299999999999999822e+00
7.400000000000000355e+00
7.500000000000000000e+00
7.599999999999999645e+00
7.700000000000000178e+00
7.799999999999999822e+00
7.900000000000000355e+00
8.000000000000000000e+00
